procs -----------memory---------- ---swap-- -----io---- -system-- ------cpu-----
 r  b   swpd   free   buff  cache   si   so    bi    bo   in   cs us sy id wa st
 0  0      0 137836  14748 280660    0    0  6081     0  404 1074  3 16 81  0  0
11  0      0  58168  14748 280648    0    0     0     0  448 2944 22  1 77  0  0
 0  0      0  58168  14748 280648    0    0     0     0  564 2344 66  2 32  0  0
 0  0      0  58168  14748 280648    0    0     0     0  295 1449  2  2 96  0  0
 0  0      0  58144  14748 280648    0    0     0     0  317 1504  1  1 98  0  0
 0  0      0  58168  14748 280648    0    0     0     0  273  371  3  0 97  0  0
 0  0      0  57664  14748 280656    0    0     0     0  272  833  2  1 97  0  0
 0  0      0  57664  14748 280656    0    0     0     0  254  136  0  0 100  0  0
 0  0      0  57664  14748 280656    0    0     0     0  326  682  1  0 99  0  0
 1  0      0  57664  14748 280656    0    0     0     0  252  142  1  1 98  0  0
 0  0      0  57664  14748 280656    0    0     0     0  255  142  1  0 99  0  0
 0  0      0  57664  14748 280656    0    0     0     0  252  143  1  0 99  0  0
10  0      0  57664  14748 280656    0    0     0     0  284  241 39  1 60  0  0
 0  0      0  57664  14748 280656    0    0     0     0  268  222 33  0 67  0  0
 0  0      0  57664  14748 280656    0    0     0     0  254  147  1  0 99  0  0
 0  0      0  57664  14748 280656    0    0     0     0  253  140  0  0 100  0  0
 0  0      0  57664  14748 280656    0    0     0     0  256  185  0  0 100  0  0
 2  1      0  57664  14824 280840    0    0   210     0  259  167  1  2 97  0  0
 0  0      0  53820  15452 283748    0    0  2099     0  309  491  2  9 85  3  0
 0  0      0  53820  15452 283748    0    0     0     0  252  143  1  0 99  0  0
 0  0      0  53820  15452 283748    0    0     0     0  254  143  1  0 99  0  0
procs -----------memory---------- ---swap-- -----io---- -system-- ------cpu-----
 r  b   swpd   free   buff  cache   si   so    bi    bo   in   cs us sy id wa st
 0  0      0  53820  15452 283748    0    0     0     0  252  140  1  0 99  0  0
 0  0      0  53820  15452 283748    0    0     0     0  255  148  2  0 98  0  0
 0  0      0  53820  15452 283748    0    0     0     0  293  314 69  1 30  0  0
 0  0      0  53820  15452 283748    0    0     0     0  255  139  1  0 99  0  0
 0  0      0  53820  15452 283748    0    0     0     0  252  141  0  1 99  0  0
 0  0      0  53820  15452 283748    0    0     0     0  492 1561  1  0 99  0  0
 0  0      0  53796  15452 283748    0    0     0     0  370 2121  2  1 97  0  0
 0  0      0  53820  15452 283748    0    0     0     0  255  143  1  1 98  0  0
 0  0      0  53820  15452 283748    0    0     0     0  253  140  1  0 99  0  0
 0  0      0  53820  15452 283748    0    0     0     0  258  144  2  0 98  0  0
 0  0      0  53820  15452 283748    0    0     0     0  252  135  1  1 98  0  0
 0  0      0  53820  15452 283748    0    0     0     0  254  147  1  1 98  0  0
10  0      0  53820  15452 283748    0    0     0     0  264  157  8  0 92  0  0
 0  0      0  53820  15452 283748    0    0     0     0  283  302 66  0 34  0  0
 0  0      0  53820  15452 283748    0    0     0     0  253  133  2  0 98  0  0
 0  0      0  53820  15452 283748    0    0     0     0  255  148  0  0 100  0  0
 0  0      0  53820  15452 283748    0    0     0     0  253  140  2  0 98  0  0
 0  0      0  53820  15452 283748    0    0     0     0  253  148  0  0 100  0  0
 0  0      0  53820  15452 283748    0    0     0     0  251  137  1  0 99  0  0
 0  0      0  53820  15452 283748    0    0     0     0  254  147  0  1 99  0  0
 0  0      0  53820  15452 283748    0    0     0     0  254  142  1  0 99  0  0
procs -----------memory---------- ---swap-- -----io---- -system-- ------cpu-----
 r  b   swpd   free   buff  cache   si   so    bi    bo   in   cs us sy id wa st
 0  0      0  53820  15452 283748    0    0     0     0  256  148  2  0 98  0  0
 0  0      0  53820  15452 283748    0    0     0     0  254  142  0  0 100  0  0
 9  0      0  53820  15452 283748    0    0     0     0  289  245 45  0 55  0  0
 0  0      0  53820  15452 283752    0    0     0     0  266  208 28  1 71  0  0
 0  0      0  53820  15452 283752    0    0     0     0  250  145  2  0 98  0  0
 0  0      0  53820  15452 283752    0    0     0     0  252  141  1  0 99  0  0
 0  0      0  53820  15452 283752    0    0     0     0  254  144  2  0 98  0  0
 0  0      0  53820  15452 283752    0    0     0     0  252  142  0  0 100  0  0
 0  0      0  53820  15452 283752    0    0     0     0  254  148  2  0 98  0  0
 0  0      0  53820  15452 283752    0    0     0     0  252  138  0  0 100  0  0
 0  0      0  53820  15452 283752    0    0     0     0  256  143  2  0 98  0  0
 0  0      0  53820  15452 283752    0    0     0     0  252  137  2  0 98  0  0
 0  0      0  53820  15452 283752    0    0     0     0  249  154  9  1 90  0  0
 0  0      0  53820  15452 283752    0    0     0     0  291  298 63  0 37  0  0
 0  0      0  53820  15452 283752    0    0     0     0  255  139  2  0 98  0  0
 0  0      0  53820  15452 283752    0    0     0     0  253  148  1  1 98  0  0
 1  0      0  53820  15452 283752    0    0     0     0  255  145  0  1 99  0  0
 0  0      0  53820  15452 283752    0    0     0     0  251  136  1  0 99  0  0
 0  0      0  53820  15452 283752    0    0     0     0  254  148  1  0 99  0  0
 0  0      0  53820  15452 283752    0    0     0     0  252  137  1  1 98  0  0
 0  0      0  53820  15452 283752    0    0     0     0  254  151  1  0 99  0  0
procs -----------memory---------- ---swap-- -----io---- -system-- ------cpu-----
 r  b   swpd   free   buff  cache   si   so    bi    bo   in   cs us sy id wa st
 0  0      0  53820  15452 283752    0    0     0     0  252  138  1  1 98  0  0
 1  0      0  53820  15452 283752    0    0     0     0  255  144  2  0 98  0  0
 9  0      0  53820  15452 283752    0    0     0     0  267  181 27  0 73  0  0
 0  0      0  53820  15452 283752    0    0     0     0  276  251 46  0 54  0  0
 0  0      0  53820  15452 283752    0    0     0     0  252  136  0  0 100  0  0
 0  0      0  53820  15452 283752    0    0     0     0  255  145  1  1 98  0  0
 0  0      0  53820  15452 283752    0    0     0     0  253  140  1  0 99  0  0
 0  0      0  53820  15452 283752    0    0     0     0  255  147  0  1 99  0  0
 0  0      0  53820  15452 283752    0    0     0     0  252  144  2  0 98  0  0
 0  0      0  53820  15452 283752    0    0     0     0  255  144  2  0 98  0  0
 0  0      0  53820  15452 283752    0    0     0     0  253  141  2  0 98  0  0
 0  0      0  53820  15452 283752    0    0     0     0  256  146  1  0 98  1  0
 0  0      0  53820  15452 283752    0    0     0     0  256  136 10  0 90  0  0
 9  0      0  53820  15452 283752    0    0     0     0  286  294 62  0 38  0  0
 0  0      0  53820  15452 283752    0    0     0     0  254  152  5  0 95  0  0
 0  0      0  53820  15452 283752    0    0     0     0  254  147  1  1 98  0  0
 1  0      0  53820  15452 283752    0    0     0     0  253  138  1  0 99  0  0
 0  0      0  53820  15452 283752    0    0     0     0  255  144  1  1 98  0  0
 0  0      0  53820  15452 283752    0    0     0     0  252  139  0  0 100  0  0
 0  0      0  53820  15452 283752    0    0     0     0  254  147  2  0 98  0  0
 0  0      0  53820  15452 283752    0    0     0     0  252  140  1  0 99  0  0
procs -----------memory---------- ---swap-- -----io---- -system-- ------cpu-----
 r  b   swpd   free   buff  cache   si   so    bi    bo   in   cs us sy id wa st
 0  0      0  53820  15452 283752    0    0     0     0  255  144  1  1 98  0  0
 0  0      0  53820  15452 283752    0    0     0     0  258  141  8  0 92  0  0
 0  0      0  53820  15452 283752    0    0     0     0  256  148  1  0 99  0  0
 0  0      0  53820  15452 283752    0    0     0     0  294  289 61  0 39  0  0
 0  0      0  53820  15452 283752    0    0     0     0  256  146  0  1 99  0  0
 0  0      0  53820  15452 283752    0    0     0     0  253  138  1  0 99  0  0
 0  0      0  53820  15452 283752    0    0     0     0  257  145  1  0 99  0  0
 0  0      0  53820  15452 283752    0    0     0     0  252  137  1  0 99  0  0
 0  0      0  53820  15452 283756    0    0     0     0  255  144  1  0 99  0  0
 0  0      0  53820  15452 283756    0    0     0     0  254  140  1  1 98  0  0
 0  0      0  53820  15452 283756    0    0     0     0  254  146  0  0 100  0  0
 0  0      0  53820  15452 283756    0    0     0     0  255  140  7  0 93  0  0
 0  0      0  53820  15452 283756    0    0     0     0  255  143  2  0 98  0  0
 9  0      0  53820  15452 283756    0    0     0     0  279  245 44  1 55  0  0
 0  0      0  53820  15452 283756    0    0     0     0  258  196 21  0 79  0  0
 0  0      0  53820  15452 283756    0    0     0     0  252  140  1  0 99  0  0
 0  0      0  53820  15452 283756    0    0     0     0  254  145  1  0 99  0  0
 0  0      0  53820  15452 283756    0    0     0     0  252  144  0  0 100  0  0
 0  0      0  53820  15452 283756    0    0     0     0  258  143  1  1 98  0  0
 0  0      0  53820  15452 283756    0    0     0     0  251  139  1  0 99  0  0
 0  0      0  53820  15452 283756    0    0     0     0  254  145  0  0 100  0  0
procs -----------memory---------- ---swap-- -----io---- -system-- ------cpu-----
 r  b   swpd   free   buff  cache   si   so    bi    bo   in   cs us sy id wa st
 0  0      0  53820  15452 283756    0    0     0     0  258  142  6  0 94  0  0
 0  0      0  53820  15452 283756    0    0     0     0  255  147  2  0 98  0  0
 1  0      0  53820  15452 283756    0    0     0     0  255  144  1  0 99  0  0
 0  0      0  53820  15452 283756    0    0     0     0  290  300 62  1 37  0  0
 0  0      0  53820  15452 283756    0    0     0     0  251  134  0  0 100  0  0
 0  0      0  53820  15452 283756    0    0     0     0  252  147  1  0 99  0  0
 0  0      0  53820  15452 283756    0    0     0     0  250  142  1  0 99  0  0
 0  0      0  53820  15452 283756    0    0     0     0  255  146  0  1 99  0  0
 0  0      0  53820  15452 283756    0    0     0     0  253  141  1  0 99  0  0
 0  0      0  53820  15452 283756    0    0     0     0  254  145  1  0 99  0  0
 0  0      0  53820  15452 283756    0    0     0     0  254  145  9  0 91  0  0
 0  0      0  53820  15452 283756    0    0     0     0  255  143  1  0 99  0  0
 0  0      0  53820  15452 283756    0    0     0     0  252  150  1  0 99  0  0
 9  0      0  53820  15452 283756    0    0     0     0  272  216 31  1 68  0  0
 0  0      0  53820  15452 283756    0    0     0     0  267  219 35  0 65  0  0
 0  0      0  53820  15452 283756    0    0     0     0  252  133  1  0 99  0  0
 0  0      0  53820  15452 283756    0    0     0     0  254  144  1  1 98  0  0
 0  0      0  53820  15452 283756    0    0     0     0  252  146  0  0 100  0  0
 1  0      0  53820  15452 283756    0    0     0     0  256  145  2  0 98  0  0
 0  0      0  53820  15452 283756    0    0     0     0  252  139  0  0 100  0  0
 0  0      0  53820  15452 283756    0    0     0     0  260  147  9  0 91  0  0
procs -----------memory---------- ---swap-- -----io---- -system-- ------cpu-----
 r  b   swpd   free   buff  cache   si   so    bi    bo   in   cs us sy id wa st
 0  0      0  53820  15452 283756    0    0     0     0  252  140  0  0 100  0  0
 0  0      0  53820  15452 283756    0    0     0     0  255  145  1  0 99  0  0
 0  0      0  53820  15452 283756    0    0     0     0  253  140  0  1 99  0  0
 0  0      0  53820  15452 283756    0    0     0     0  290  285 64  0 36  0  0
 0  0      0  53820  15452 283756    0    0     0     0  254  140  1  0 99  0  0
 0  0      0  53820  15452 283756    0    0     0     0  256  147  1  0 99  0  0
 0  0      0  53820  15452 283756    0    0     0     0  254  139  1  1 98  0  0
 0  0      0  53820  15452 283756    0    0     0     0  256  145  1  0 99  0  0
 0  0      0  53820  15452 283756    0    0     0     0  253  151  0  0 100  0  0
 0  0      0  53820  15452 283756    0    0     0     0  260  148  6  0 94  0  0
 0  0      0  53820  15452 283756    0    0     0     0  254  156  0  0 100  0  0
 0  0      0  53820  15452 283756    0    0     0     0  255  147  1  0 99  0  0
 0  0      0  53820  15452 283760    0    0     0     0  253  143  1  0 99  0  0
 8  0      0  53820  15452 283760    0    0     0     0  272  193 28  1 71  0  0
 0  0      0  53820  15452 283760    0    0     0     0  268  217 36  0 64  0  0
 0  0      0  53820  15452 283760    0    0     0     0  255  144  0  0 100  0  0
 0  0      0  53820  15452 283760    0    0     0     0  252  142  1  0 99  0  0
 0  0      0  53820  15452 283760    0    0     0     0  254  144  0  0 100  0  0
 0  0      0  53820  15452 283760    0    0     0     0  252  141  1  0 99  0  0
 0  0      0  53820  15452 283760    0    0     0     0  262  150  6  0 94  0  0
 0  0      0  53820  15452 283760    0    0     0     0  252  137  1  0 99  0  0
procs -----------memory---------- ---swap-- -----io---- -system-- ------cpu-----
 r  b   swpd   free   buff  cache   si   so    bi    bo   in   cs us sy id wa st
 0  0      0  53820  15452 283760    0    0     0     0  257  148  1  0 99  0  0
 0  0      0  53820  15452 283760    0    0     0     0  253  142  0  1 99  0  0
 0  0      0  53820  15452 283760    0    0     0     0  264  143  8  0 92  0  0
 0  0      0  53820  15452 283760    0    0     0     0  291  269 55  0 45  0  0
 0  0      0  53820  15452 283760    0    0     0     0  251  142  1  1 98  0  0
 0  0      0  53820  15452 283760    0    0     0     0  253  142  0  0 100  0  0
 0  0      0  53820  15452 283760    0    0     0     0  254  144  1  0 99  0  0
 0  0      0  53820  15452 283760    0    0     0     0  252  144  0  0 100  0  0
 0  0      0  53820  15452 283760    0    0     0     0  259  147  9  0 91  0  0
 0  0      0  53820  15452 283760    0    0     0     0  253  136  1  0 99  0  0
 0  0      0  53820  15452 283760    0    0     0     0  254  143  0  0 100  0  0
 0  0      0  53820  15452 283760    0    0     0     0  253  143  1  1 98  0  0
 0  0      0  53820  15452 283760    0    0     0     0  259  143  7  0 93  0  0
 7  0      0  53820  15452 283760    0    0     0     0  271  192 29  0 71  0  0
 0  0      0  53820  15452 283760    0    0     0     0  269  216 31  0 69  0  0
 0  0      0  53820  15452 283760    0    0     0     0  253  141  0  1 99  0  0
 0  0      0  53820  15452 283760    0    0     0     0  255  144  0  0 100  0  0
 0  0      0  53820  15452 283760    0    0     0     0  252  138  1  0 99  0  0
 0  0      0  53820  15452 283760    0    0     0     0  260  150  7  0 93  0  0
 0  0      0  53820  15452 283760    0    0     0     0  253  138  1  0 99  0  0
 0  0      0  53820  15452 283760    0    0     0     0  255  142  1  0 99  0  0
procs -----------memory---------- ---swap-- -----io---- -system-- ------cpu-----
 r  b   swpd   free   buff  cache   si   so    bi    bo   in   cs us sy id wa st
 0  0      0  53820  15452 283760    0    0     0     0  252  143  0  0 100  0  0
 0  0      0  53820  15452 283760    0    0     0     0  259  147  7  1 92  0  0
 0  0      0  53820  15452 283760    0    0     0     0  261  139  9  1 90  0  0
 0  0      0  53820  15452 283760    0    0     0     0  281  267 51  0 49  0  0
 0  0      0  53820  15452 283760    0    0     0     0  253  138  1  1 98  0  0
 0  0      0  53820  15452 283760    0    0     0     0  257  143  2  0 98  0  0
 0  0      0  53820  15452 283760    0    0     0     0  253  141  1  0 99  0  0
 0  0      0  53820  15452 283760    0    0     0     0  263  147 10  0 90  0  0
 0  0      0  53820  15452 283760    0    0     0     0  252  137  2  0 98  0  0
 0  0      0  53820  15452 283760    0    0     0     0  255  158  1  0 99  0  0
 0  0      0  53820  15452 283760    0    0     0     0  253  143  2  0 98  0  0
 0  0      0  53820  15452 283760    0    0     0     0  259  147  7  0 93  0  0
 0  0      0  53820  15452 283760    0    0     0     0  256  138  6  1 93  0  0
 7  0      0  53820  15452 283760    0    0     0     0  275  211 28  0 72  0  0
 0  0      0  53820  15452 283760    0    0     0     0  261  191 22  0 78  0  0
 0  0      0  53820  15452 283760    0    0     0     0  253  146  0  0 100  0  0
 0  0      0  53820  15452 283764    0    0     0     0  251  135  1  0 99  0  0
 0  0      0  53820  15452 283764    0    0     0     0  257  147  6  0 94  0  0
 0  0      0  53820  15452 283764    0    0     0     0  252  136  1  1 98  0  0
 0  0      0  53820  15452 283764    0    0     0     0  254  145  0  0 100  0  0
 0  0      0  53820  15452 283764    0    0     0     0  252  139  2  0 98  0  0
procs -----------memory---------- ---swap-- -----io---- -system-- ------cpu-----
 r  b   swpd   free   buff  cache   si   so    bi    bo   in   cs us sy id wa st
 0  0      0  53820  15452 283764    0    0     0     0  257  148  9  0 91  0  0
 0  0      0  53820  15452 283764    0    0     0     0  258  140  9  0 91  0  0
 0  0      0  53820  15452 283764    0    0     0     0  254  144  0  1 99  0  0
 0  0      0  53820  15452 283764    0    0     0     0  280  266 51  0 49  0  0
 0  0      0  53820  15452 283764    0    0     0     0  255  145  0  0 100  0  0
 0  0      0  53820  15452 283764    0    0     0     0  254  137  0  1 99  0  0
 0  0      0  53820  15452 283764    0    0     0     0  258  149  9  0 91  0  0
 0  0      0  53820  15452 283764    0    0     0     0  255  134  1  0 99  0  0
 0  0      0  53820  15452 283764    0    0     0     0  256  150  1  0 99  0  0
 0  0      0  53820  15452 283764    0    0     0     0  252  143  2  0 98  0  0
 0  0      0  53820  15452 283764    0    0     0     0  253  150  9  0 91  0  0
 0  0      0  53820  15452 283764    0    0     0     0  257  136  8  0 92  0  0
 0  0      0  53820  15452 283764    0    0     0     0  255  142  1  0 99  0  0
 7  0      0  53820  15452 283764    0    0     0     0  272  225 35  0 65  0  0
 0  0      0  53820  15452 283764    0    0     0     0  263  183 17  0 83  0  0
 0  0      0  53820  15452 283764    0    0     0     0  252  138  1  0 99  0  0
 0  0      0  61800  15452 283764    0    0     0     0  254  158  1  0 99  0  0
 0  0      0  61832  15452 283768    0    0     0     0  252  220  0  0 100  0  0
 0  0      0  61832  15452 283768    0    0     0     0  255  147  1  0 99  0  0
 0  0      0  61832  15452 283768    0    0     0     0  253  141  0  0 100  0  0
 0  0      0  69704  15452 283768    0    0     0     0  257  160  1  0 99  0  0
procs -----------memory---------- ---swap-- -----io---- -system-- ------cpu-----
 r  b   swpd   free   buff  cache   si   so    bi    bo   in   cs us sy id wa st
 0  0      0  77716  15452 283772    0    0     0     0  254  156  1  0 99  0  0
 0  0      0  77732  15452 283776    0    0     0     0  256  147  1  0 99  0  0
 0  0      0  77732  15452 283776    0    0     0     0  254  138  1  1 98  0  0
 0  0      0 133628  15452 283804    0    0     0     0  259  204  1  0 99  0  0
 1  0      0 133628  15452 283804    0    0     0     0  253  143  1  0 99  0  0
 0  0      0 133628  15452 283804    0    0     0     0  253  144  2  0 98  0  0
 0  0      0 133628  15452 283804    0    0     0     0  255  139  1  0 99  0  0
 0  0      0 133628  15452 283804    0    0     0     0  254  147  0  0 100  0  0
 0  0      0 133628  15452 283804    0    0     0     0  253  143  1  0 99  0  0
 0  0      0 133628  15452 283804    0    0     0     0  255  146  2  0 98  0  0
 0  0      0 133628  15452 283804    0    0     0     0  254  139  1  0 99  0  0
 0  0      0 133628  15452 283804    0    0     0     0  254  145  1  0 99  0  0
 0  0      0 133628  15452 283804    0    0     0     0  252  143  1  0 99  0  0
 0  0      0 133628  15452 283804    0    0     0     0  254  145  0  0 100  0  0
 0  0      0 133628  15452 283804    0    0     0     0  252  143  1  1 98  0  0
 0  0      0 133628  15452 283804    0    0     0     0  255  147  2  1 97  0  0
 0  0      0 133628  15452 283804    0    0     0     0  252  139  2  0 98  0  0
 0  0      0 133628  15452 283804    0    0     0     0  255  152  0  0 100  0  0
 0  0      0 133628  15452 283804    0    0     0     0  254  145  1  0 99  0  0
 0  0      0 133628  15452 283804    0    0     0     0  254  148  2  0 98  0  0
 0  0      0 133628  15452 283804    0    0     0     0  254  141  1  0 99  0  0
procs -----------memory---------- ---swap-- -----io---- -system-- ------cpu-----
 r  b   swpd   free   buff  cache   si   so    bi    bo   in   cs us sy id wa st
 0  0      0 133628  15452 283808    0    0     0     0  255  142  0  1 99  0  0
 0  0      0 133628  15452 283808    0    0     0     0  249  141  1  1 98  0  0
 0  0      0 133628  15452 283808    0    0     0     0  254  146  1  0 99  0  0
 0  0      0 133628  15452 283808    0    0     0     0  253  143  1  0 99  0  0
 0  0      0 133628  15452 283808    0    0     0     0  256  147  1  0 99  0  0
 0  0      0 133628  15452 283808    0    0     0     0  252  136  0  0 100  0  0
 0  0      0 133628  15452 283808    0    0     0     0  254  149  0  0 100  0  0
 0  0      0 133628  15452 283808    0    0     0     0  252  139  0  1 99  0  0
 0  0      0 133628  15452 283808    0    0     0     0  253  146  0  0 100  0  0
 0  0      0 133628  15452 283808    0    0     0     0  252  142  1  0 99  0  0
 0  0      0 133628  15452 283808    0    0     0     0  255  140  1  0 99  0  0
 0  0      0 133628  15452 283808    0    0     0     0  253  140  1  0 99  0  0
 0  0      0 133628  15452 283808    0    0     0     0  255  146  1  1 98  0  0
 0  0      0 133628  15452 283808    0    0     0     0  253  139  2  1 97  0  0
 0  0      0 133628  15452 283808    0    0     0     0  255  149  1  0 99  0  0
 0  0      0 133628  15452 283808    0    0     0     0  252  142  1  0 99  0  0
 0  0      0 133628  15452 283808    0    0     0     0  254  147  2  0 98  0  0
 0  0      0 133628  15452 283808    0    0     0     0  252  140  0  0 100  0  0
 0  0      0 133628  15452 283808    0    0     0     0  254  145  1  1 98  0  0
 0  0      0 133628  15452 283808    0    0     0     0  254  140  1  0 99  0  0
 0  0      0 133628  15452 283808    0    0     0     0  253  145  1  0 99  0  0
procs -----------memory---------- ---swap-- -----io---- -system-- ------cpu-----
 r  b   swpd   free   buff  cache   si   so    bi    bo   in   cs us sy id wa st
 0  0      0 133628  15452 283808    0    0     0     0  256  142  2  0 98  0  0
 0  0      0 133628  15452 283808    0    0     0     0  256  150  1  1 98  0  0
 0  0      0 133628  15452 283808    0    0     0     0  252  142  2  0 98  0  0
 0  0      0 133628  15452 283808    0    0     0     0  254  148  1  1 98  0  0
 0  0      0 133628  15452 283808    0    0     0     0  252  158  2  0 98  0  0
 0  0      0 133604  15452 283808    0    0     0     0  324 1824  4  2 94  0  0
 0  0      0 133628  15452 283808    0    0     0     0  259  214  1  0 99  0  0
 0  0      0 133628  15452 283808    0    0     0     0  259  870  2  2 96  0  0
 0  0      0 133628  15452 283808    0    0     0     0  255  145  2  0 98  0  0
 0  0      0 133628  15452 283808    0    0     0     0  343 2078  2  1 97  0  0
