procs -----------memory---------- ---swap-- -----io---- -system-- ------cpu-----
 r  b   swpd   free   buff  cache   si   so    bi    bo   in   cs us sy id wa st
 0  0      0  63616  19244 292536    0    0  4098     0  364  805  2 11 87  0  0
 0  0      0  63484  19244 292548    0    0     0     0  621 3461  3  1 96  0  0
 0  0      0  63492  19244 292548    0    0     0     0  431 1845  1  1 98  0  0
13  0      0  39844   1504 245492    0    0  5433     0  500 1361 69 14 13  4  0
 4  0      0  38000   2104 248896    0    0 39881     0 1126 5236  1 82  0 17  0
 1  0      0  37756   2168 249072    0    0 45812     0 1240 6716  0 95  0  5  0
 1  2      0  39472   1892 247420    0    0 47432     0 1224 6872  0 95  0  5  0
 0  2      0  43204   1112 244736    0    0 41608     0 1069 5043  0 88  0 12  0
 4  1      0  41116   1652 246312    0    0 46296     0 1212 6625  0 97  0  3  0
 3  0      0  42084   1376 245488    0    0 48028     0 1257 6666  0 98  0  2  0
 2  0      0  38032   2228 248856    0    0 40129     0 1069 5515  0 96  0  4  0
 2  0      0  43044   1196 244772    0    0 52123     0 1330 6700  0 98  0  2  0
15  0      0  40332   1652 246368    0    0 24147     0  850 3335 58 41  0  1  0
 1  0      0  40688   1736 246544    0    0 47910     0 1274 6825  2 95  0  2  0
 1  0      0  37764   2224 248896    0    0 42736     0 1078 5230  0 98  0  2  0
 1  1      0  41192   1664 246332    0    0 45741     0 1196 5652  0 98  0  2  0
 3  0      0  40204   1796 247016    0    0 46000     0 1151 5585  0 99  0  1  0
 3  0      0  41612   1516 245872    0    0 44688     0 1158 5976  0 99  0  1  0
 2  0      0  43648   1088 244220    0    0 46180     0 1184 5832  1 97  0  2  0
 2  0      0  40268   1884 246780    0    0 48110     0 1206 5933  0 98  0  3  0
 3  0      0  39160   2044 247884    0    0 44370     0 1177 6766  0 97  0  3  0
procs -----------memory---------- ---swap-- -----io---- -system-- ------cpu-----
 r  b   swpd   free   buff  cache   si   so    bi    bo   in   cs us sy id wa st
12  0      0  43436   1288 244232    0    0 29752     0  997 4576 44 53  0  3  0
 2  0      0  38640   2056 248328    0    0 41650     0 1145 5856 19 78  0  3  0
 4  0      0  39008   1972 248024    0    0 52036     0 1347 6859  0 98  0  2  0
 2  2      0  39180   1936 247788    0    0 56150     0 1269 7004  0 99  0  1  0
 1  0      0  39668   1900 247364    0    0 58671     0 1692 9003  1 98  0  2  0
 0  2      0  41912   1472 245500    0    0 48095     0 1245 6627  0 99  0  1  0
 1  0      0  40368   1724 246880    0    0 40777     0 1064 5883  0 98  0  2  0
 1  1      0  40596   1672 246608    0    0 46783     0 1187 6433  0 98  0  2  0
10  2      0  37424   2200 249068    0    0 61098     0 1509 8265  8 91  0  1  0
 3  0      0  41276   1564 246136    0    0 48801     0 1312 6786 42 57  0  1  0
 5  1      0  41328   1612 246008    0    0 71879     0 2120 12062  0 98  0  2  0
 4  0      0  38212   2096 248624    0    0 47607     0 1199 6492  0 98  0  2  0
 2  0      0  37744   2128 249096    0    0 53143     0 1149 6093  0 97  0  3  0
 4  0      0  40388   1660 246952    0    0 56822     0 1641 8964  1 97  0  2  0
 1  0      0  39668   1944 247444    0    0 47802     0 1224 6061  0 98  0  2  0
 1  1      0  39944   1808 247156    0    0 51547     0 1329 5932  0 97  0  3  0
15  0      0  41044   1440 246080    0    0 36311     0 1191 5316 47 52  0  1  0
 1  0      0  42400   1440 245212    0    0 46821     0 1210 5983  3 95  0  2  0
 2  0      0  39016   2028 248004    0    0 47583     0 1257 5934  0 99  0  1  0
 0  2      0  40200   1768 247036    0    0 49133     0 1252 6408  0 98  0  2  0
 3  0      0  41572   1516 246108    0    0 46317     0 1170 5894  0 98  0  2  0
procs -----------memory---------- ---swap-- -----io---- -system-- ------cpu-----
 r  b   swpd   free   buff  cache   si   so    bi    bo   in   cs us sy id wa st
 0  2      0  39292   2032 247704    0    0 46184     0 1146 5650  0 98  0  2  0
 3  1      0  40016   1772 246996    0    0 49741     0 1231 6793  0 99  0  1  0
 4  0      0  39080   1864 247916    0    0 50219     0 1303 7023  0 98  0  2  0
 1  0      0  41928   1520 245612    0    0 49096     0 1248 6776  0 98  0  2  0
12  0      0  42792   1176 244500    0    0 32152     0 1040 4010 53 46  0  1  0
 1  0      0  39532   1976 247380    0    0 41732     0 1162 6122  4 95  0  1  0
 1  0      0  38144   2236 248604    0    0 41714     0 1131 5813  0 95  0  5  0
 2  0      0  37948   2252 248908    0    0 40487     0 1104 5493  0 99  0  1  0
 1  0      0  39340   1876 247664    0    0 53213     0 1374 6889  0 98  0  2  0
 1  2      0  41808   1336 245760    0    0 50681     0 1307 7501  0 97  0  3  0
 0  2      0  49292    144 239324    0    0 76571     0 1826 10164  0 98  0  2  0
 4  1      0  38112   2120 248728    0    0 85174     0 1928 11130  0 98  0  2  0
 2  0      0  41980   1308 245116    0    0 33247     0 1579 8794 43 56  0  1  0
 0  2      0  38532   2004 248372    0    0 47221     0 1201 6987  1 97  0  2  0
 3  1      0  39064   2116 247884    0    0 43319     0 1178 6111  0 98  0  2  0
 1  0      0  41140   1640 246312    0    0 46422     0 1179 5848  0 99  0  1  0
 2  3      0  39184   1876 247764    0    0 59103     0 1260 6557  0 98  0  2  0
 1  0      0  43988   1132 243808    0    0 56786     0 1725 9346  0 99  0  1  0
 2  1      0  40000   1788 247248    0    0 47545     0 1175 5836  0 98  0  2  0
 5  0      0  38460   2120 248464    0    0 55577     0 1403 7201  0 99  0  1  0
 4  0      0  41120   1512 246120    0    0 46495     0 1458 7020 41 58  0  1  0
procs -----------memory---------- ---swap-- -----io---- -system-- ------cpu-----
 r  b   swpd   free   buff  cache   si   so    bi    bo   in   cs us sy id wa st
 0  2      0  39940   1832 246912    0    0 41965     0 1127 5710  2 97  0  1  0
 0  3      0  43280   1320 244260    0    0 43878     0 1146 6302  0 98  0  2  0
 3  4      0  37584   2180 248896    0    0 57776     0 1358 6835  0 97  0  3  0
 3  2      0  41060   1600 246052    0    0 73312     0 2070 12372  0 98  0  2  0
 2  0      0  38284   2104 248416    0    0 50194     0 1365 6329  0 98  0  2  0
 0  2      0  38396   2068 247876    0    0 73724     0 1664 8673  0 97  0  3  0
12  0      0  39432   1764 247248    0    0 80222     0 2228 12213 20 79  0  1  0
 0  2      0  47192    380 240788    0    0 80615     0 2452 14013 19 79  0  1  0
 3  0      0  40112   1708 246740    0    0 69788     0 1898 10003  0 99  0  1  0
 1  0      0  39780   1780 247092    0    0 49717     0 1293 7801  0 98  0  2  0
 4  0      0  37708   2212 248872    0    0 46366     0 1214 6333  0 98  0  2  0
 0  2      0  41392   1564 245744    0    0 45036     0 1185 5870  1 98  0  1  0
 4  0      0  40128   1848 246636    0    0 43192     0 1128 5928  0 98  0  2  0
 2  2      0  37752   2188 248468    0    0 63930     0 1500 8402  0 99  0  1  0
 2  2      0  40580   1648 246412    0    0 53947     0 1942 10337 39 60  0  2  0
 4  0      0  39512   1728 247132    0    0 67101     0 1829 10236  1 98  0  1  0
 0  3      0  39832   1760 246888    0    0 69132     0 1812 9320  1 98  0  1  0
 3  0      0  41772   1504 245648    0    0 54525     0 1480 7912  2 97  0  2  0
 0  3      0  39644   1888 246924    0    0 41222     0 1152 5228  0 98  0  2  0
 1  2      0  37624   2260 248552    0    0 41706     0 1180 6191  0 98  0  2  0
 2  0      0  39144   1908 247692    0    0 41134     0 1043 6063  0 99  0  1  0
procs -----------memory---------- ---swap-- -----io---- -system-- ------cpu-----
 r  b   swpd   free   buff  cache   si   so    bi    bo   in   cs us sy id wa st
 2  0      0  42592   1360 245036    0    0 47686     0 1247 6420  0 98  0  2  0
14  0      0  43956   1096 244032    0    0 43693     0 1161 5572 12 88  0  1  0
 3  0      0  43768   1172 244252    0    0 23660     0  830 3414 55 44  0  1  0
 2  0      0  39936   1844 247324    0    0 52529     0 1420 7764  0 98  0  2  0
 2  0      0  39376   1824 247576    0    0 40614     0 1063 5308  0 99  0  1  0
 1  2      0  43140   1200 244516    0    0 45214     0 1172 5649  0 99  0  1  0
 1  2      0  38684   2088 248296    0    0 43111     0 1112 5793  0 98  0  2  0
 2  0      0  41860   1512 245712    0    0 41062     0 1138 6005  0 99  0  1  0
 2  0      0  38492   2148 248508    0    0 40133     0 1046 5167  0 95  0  5  0
 3  0      0  38212   2160 248728    0    0 56220     0 1351 6970  1 97  0  2  0
 2  0      0  40444   1736 246992    0    0 48722     0 1401 7569  0 99  0  1  0
10  0      0  44068   1052 243604    0    0 12308     0  611 2181 72 27  0  1  0
 1  0      0  41908   1540 245616    0    0 39274     0 1060 5399  1 98  0  1  0
 1  0      0  42016   1444 245608    0    0 38822     0 1070 4911  1 97  0  2  0
 1  0      0  45044    980 243096    0    0 41873     0 1108 5117  0 99  0  1  0
 1  0      0  39512   2044 247556    0    0 40099     0 1099 5571  1 97  0  2  0
 0  3      0  40764   1764 246504    0    0 38288     0 1038 5069  1 98  0  1  0
 1  0      0  45032    924 243176    0    0 43031     0 1153 5199  0 97  0  3  0
 3  0      0  42468   1360 245120    0    0 41092     0 1104 5923  1 98  0  1  0
 1  0      0  40660   1812 246560    0    0 40876     0 1140 6246  0 99  0  1  0
 1  0      0  40192   2012 246844    0    0 39146     0 1077 5360  0 99  0  1  0
procs -----------memory---------- ---swap-- -----io---- -system-- ------cpu-----
 r  b   swpd   free   buff  cache   si   so    bi    bo   in   cs us sy id wa st
12  0      0  37744   2200 249136    0    0 16008     0  627 2252 64 36  0  0  0
 1  0      0  40100   1944 247116    0    0 27081     0  796 3944 24 75  0  1  0
 1  0      0  40356   1788 246924    0    0 39717     0 1098 5898  1 97  0  2  0
 2  0      0  40312   1796 247004    0    0 37253     0 1024 5048  1 98  0  1  0
 1  0      0  40216   1836 247044    0    0 38151     0 1086 5079  0 98  0  2  0
 1  0      0  42648   1320 245056    0    0 43862     0 1112 5029  0 98  0  2  0
 3  0      0  42632   1348 245052    0    0 43270     0 1191 5970  0 98  0  2  0
 2  0      0  42972   1316 244740    0    0 45094     0 1152 5153  0 98  0  2  0
 2  0      0  42700   1408 245000    0    0 45372     0 1180 5799  0 99  0  1  0
 3  1      0  42960   1440 244720    0    0 46232     0 1205 6022  0 99  0  1  0
12  1      0  45568    824 242200    0    0 22129     0  797 3238 59 40  0  1  0
 1  0      0  42080   1584 245380    0    0 40703     0 1089 5007  5 94  0  1  0
 3  0      0  37924   2340 248616    0    0 40723     0 1105 5446  1 98  0  1  0
 1  0      0  39148   2064 247940    0    0 36990     0 1001 4758  1 97  0  2  0
 1  0      0  45032    900 243068    0    0 42574     0 1166 5652  0 98  0  2  0
 3  0      0  39504   2096 247484    0    0 38916     0 1063 5107  0 98  0  2  0
 2  2      0  38268   2320 248316    0    0 38812     0 1077 5442  1 98  0  1  0
 0  3      0  39908   1836 247312    0    0 45708     0 1217 6078  0 98  0  2  0
 2  0      0  37960   2280 248796    0    0 38332     0 1066 5030  0 99  0  1  0
 0  2      0  41136   1672 246252    0    0 40058     0 1079 6127  0 99  0  1  0
 8  0      0  45584    844 242572    0    0 20370     0  773 2736 62 38  0  1  0
procs -----------memory---------- ---swap-- -----io---- -system-- ------cpu-----
 r  b   swpd   free   buff  cache   si   so    bi    bo   in   cs us sy id wa st
 1  0      0  40924   1600 246452    0    0 41063     0 1138 5667  3 95  0  2  0
 0  2      0  38080   2208 248592    0    0 39563     0 1045 4883  1 98  0  1  0
 2  0      0  43352   1220 244624    0    0 43039     0 1146 6114  0 99  0  1  0
 1  1      0  44060   1160 243884    0    0 45745     0 1271 5804  1 97  0  2  0
 1  0      0  38576   2192 248264    0    0 39535     0 1091 5620  1 98  0  1  0
 0  2      0  45468    888 242848    0    0 42610     0 1126 5098  0 99  0  1  0
 1  0      0  43268   1276 244112    0    0 40048     0 1103 6012  1 97  0  2  0
 2  0      0  38312   2228 248480    0    0 38131     0 1034 4812  0 99  0  1  0
 2  0      0  43916   1100 244096    0    0 41986     0 1074 5879  1 97  0  2  0
 1  0      0  45388    832 242488    0    0 17671     0  710 3076 67 33  0  0  0
 0  2      0  39564   1880 247320    0    0 42783     0 1143 5813  0 99  0  1  0
 3  0      0  41324   1592 246112    0    0 49231     0 1307 6718  1 97  0  2  0
 1  0      0  43300   1280 244548    0    0 43889     0 1194 6252  0 99  0  1  0
 1  0      0  43760   1164 244232    0    0 45527     0 1190 5693  1 98  0  1  0
 2  0      0  41040   1680 246408    0    0 37893     0 1035 5173  0 95  0  5  0
 2  0      0  43404   1172 244408    0    0 42793     0 1146 5843  1 98  0  1  0
 1  0      0  38080   2248 248748    0    0 39876     0 1067 5406  0 99  0  1  0
 2  0      0  39068   2064 247724    0    0 40336     0 1088 5873  0 98  0  2  0
12  0      0  39696   1828 247328    0    0 38324     0 1067 5686 10 89  0  1  0
 2  0      0  39904   1944 247088    0    0 14395     0  578 1915 68 32  0  0  0
 1  0      0  45156    948 242972    0    0 40467     0 1090 5035  1 97  0  2  0
procs -----------memory---------- ---swap-- -----io---- -system-- ------cpu-----
 r  b   swpd   free   buff  cache   si   so    bi    bo   in   cs us sy id wa st
 2  0      0  38156   2108 248640    0    0 48597     0 1271 6363  1 98  0  1  0
 1  0      0  43928   1168 244040    0    0 45623     0 1264 6024  0 98  0  2  0
 3  0      0  40776   1660 246700    0    0 46891     0 1232 6215  1 97  0  2  0
 3  1      0  40780   1816 246352    0    0 38879     0 1044 5097  1 98  0  1  0
 3  0      0  37664   2284 248928    0    0 39209     0 1114 5554  0 98  0  2  0
 2  1      0  43840   1104 244164    0    0 42426     0 1187 5379  0 98  0  2  0
 1  0      0  39680   1912 247464    0    0 39233     0 1046 5489  2 97  0  1  0
12  0      0  38348   2132 248400    0    0 30445     0  952 4410 31 68  0  1  0
 1  0      0  40128   1904 247056    0    0 22995     0  746 2996 47 53  0  0  0
 1  0      0  42976   1284 244760    0    0 45937     0 1247 5974  1 96  0  3  0
 1  0      0  40140   1748 247076    0    0 37281     0  965 4645  1 98  0  1  0
 2  0      0  43660   1136 244072    0    0 39707     0 1093 5261  1 97  0  2  0
 1  0      0  44084   1096 243852    0    0 39643     0 1110 5710  1 98  0  1  0
 1  0      0  41640   1680 245916    0    0 39111     0 1108 5364  0 98  0  2  0
 1  2      0  41012   1724 246196    0    0 39194     0 1091 5672  0 98  0  2  0
 0  2      0  39904   1968 247296    0    0 38464     0 1053 5120  1 98  0  1  0
 3  0      0  41268   1632 245948    0    0 38940     0 1077 5323  1 98  0  1  0
13  2      0  38340   2016 248428    0    0 40817     0 1119 5596 11 88  0  1  0
 2  0      0  41356   1512 246172    0    0 46228     0 1424 6550 39 59  0  2  0
 2  0      0  41456   1548 246112    0    0 47407     0 1300 6434  1 98  0  2  0
 1  0      0  42336   1408 245172    0    0 46250     0 1198 6317  0 98  0  2  0
procs -----------memory---------- ---swap-- -----io---- -system-- ------cpu-----
 r  b   swpd   free   buff  cache   si   so    bi    bo   in   cs us sy id wa st
 3  0      0  38304   2056 248360    0    0 43831     0 1191 5841  0 97  0  3  0
 1  0      0  42760   1336 245080    0    0 45179     0 1155 5512  0 98  0  2  0
 2  0      0  41160   1520 245972    0    0 54525     0 1453 7356  0 98  0  2  0
 1  0      0  38448   2076 248588    0    0 42228     0 1154 5668  0 99  0  1  0
 2  2      0  42296   1440 245432    0    0 41537     0 1093 5418  0 99  0  1  0
14  0      0  37592   2156 248988    0    0 35261     0 1204 5169 49 50  0  1  0
 0  2      0  44168   1084 243796    0    0 39683     0 1066 5008  0 98  0  2  0
 1  0      0  39644   1948 247636    0    0 37867     0  982 4772  1 98  0  1  0
 3  0      0  37904   2244 248988    0    0 38680     0 1035 5261  0 99  0  1  0
 1  0      0  38692   2120 248244    0    0 37754     0 1058 5254  0 98  0  2  0
 2  0      0  38084   2156 248720    0    0 40080     0 1094 5457  2 97  0  1  0
 1  0      0  43584   1184 244284    0    0 40212     0 1106 6257  0 99  0  1  0
 1  0      0  38860   2124 248072    0    0 38720     0 1036 4931  0 98  0  2  0
 2  0      0  41500   1528 246088    0    0 38169     0 1054 5266  0 98  0  2  0
 0  3      0  38436   2212 248376    0    0 39450     0 1060 5936  0 99  0  1  0
12  2      0  39044   2124 247856    0    0 25849     0  815 4175 39 60  0  1  0
 2  0      0  41040   1696 246312    0    0 21965     0  729 3381 43 56  0  1  0
 2  0      0  40416   1792 246644    0    0 40492     0 1091 5963  1 97  0  2  0
 2  0      0  43484   1148 244356    0    0 42714     0 1148 5390  1 98  0  1  0
 2  1      0  40148   1812 246964    0    0 48586     0 1286 6806  1 98  0  1  0
 1  0      0  42968   1336 244828    0    0 42563     0 1133 5507  0 98  0  2  0
procs -----------memory---------- ---swap-- -----io---- -system-- ------cpu-----
 r  b   swpd   free   buff  cache   si   so    bi    bo   in   cs us sy id wa st
 2  0      0  41964   1568 245580    0    0 40522     0 1104 5412  1 98  0  1  0
 2  0      0  41932   1440 245804    0    0 45350     0 1211 6003  0 98  0  2  0
 0  2      0  42420   1572 245072    0    0 39332     0 1044 4856  0 98  0  2  0
 2  1      0  37940   2364 248708    0    0 40208     0 1084 5155  1 97  0  2  0
13  0      0  41164   1780 245992    0    0 21879     0  764 3242 51 44  0  5  0
 0  2      0  40484   1860 246672    0    0 31412     0  928 4298 30 69  0  1  0
 2  0      0  43192   1228 244672    0    0 47095     0 1258 6342  1 97  0  3  0
 1  1      0  41348   1672 245804    0    0 41260     0 1119 5720  0 99  0  1  0
 0  2      0  41248   1712 246100    0    0 39703     0 1084 5764  0 99  0  1  0
 2  0      0  42308   1356 245364    0    0 45100     0 1223 5829  1 97  0  2  0
 1  0      0  41260   1576 246004    0    0 43812     0 1159 5733  0 99  0  1  0
 4  0      0  43200   1232 244564    0    0 42812     0 1135 5550  2 96  0  2  0
 0  2      0  42892   1308 244828    0    0 43568     0 1190 5318  0 99  0  1  0
 1  0      0  44800   1036 243444    0    0 36863     0 1080 5242  0 99  0  1  0
14  0      0  42020   1468 245556    0    0 15697     0  629 2469 66 34  0  0  0
 1  2      0  42196   1484 245384    0    0 33848     0  977 5140 16 83  0  1  0
 1  0      0  42816   1324 244664    0    0 37412     0 1017 4816  0 99  0  1  0
 4  0      0  43740   1228 244032    0    0 37114     0 1015 5520  1 98  0  1  0
 2  0      0  41536   1624 245996    0    0 38384     0 1079 5818  0 98  0  2  0
 1  0      0  43768   1192 244116    0    0 42913     0 1156 5398  1 98  0  1  0
 1  0      0  42576   1356 245340    0    0 38777     0 1062 4984  0 98  0  2  0
procs -----------memory---------- ---swap-- -----io---- -system-- ------cpu-----
 r  b   swpd   free   buff  cache   si   so    bi    bo   in   cs us sy id wa st
 1  0      0  40872   1684 246424    0    0 39427     0 1080 5065  1 98  0  1  0
 1  2      0  41408   1620 246080    0    0 39773     0 1129 5639  0 99  0  1  0
 0  2      0  41916   1552 245596    0    0 43874     0 1180 6100  1 97  0  2  0
 8  0      0  44528   1044 243560    0    0 21366     0  793 3206 56 44  0  0  0
 0  2      0  44128   1068 243784    0    0 38931     0 1073 5192 11 88  0  1  0
 2  0      0  38156   2284 248776    0    0 40196     0 1089 5327  0 98  0  2  0
 2  0      0  38236   2048 248568    0    0 58460     0 1273 6719  1 98  0  1  0
 2  0      0  38544   2112 248368    0    0 54396     0 1630 8830  0 99  0  1  0
 2  0      0  38940   1900 248136    0    0 41244     0 1226 6213  0 98  0  2  0
 0  2      0  40828   1700 246452    0    0 43808     0 1197 6151  0 99  0  1  0
 3  0      0  43024   1204 244768    0    0 48959     0 1275 6141  0 98  0  2  0
 6  0      0  41912   1400 245648    0    0 45535     0 1248 6357  4 95  0  1  0
 3  0      0  43384   1236 244412    0    0 18659     0  710 2613 68 33  0  0  0
 2  0      0  41104   1668 246316    0    0 46544     0 1261 6213  1 97  0  2  0
 1  2      0  43160   1328 244748    0    0 44449     0 1143 5349  0 99  0  1  0
 1  0      0  40656   1824 246764    0    0 40410     0 1110 5232  0 98  0  2  0
 2  0      0  43364   1208 244436    0    0 46159     0 1184 6079  0 99  0  1  0
 1  0      0  44640    980 243640    0    0 45162     0 1261 5982  0 98  0  2  0
 3  0      0  40856   1680 246680    0    0 39950     0 1105 5790  0 98  0  2  0
 2  0      0  42436   1336 245216    0    0 47894     0 1334 6827  0 98  0  2  0
 2  0      0  43832   1160 244188    0    0 45288     0 1233 6095  2 97  0  1  0
procs -----------memory---------- ---swap-- -----io---- -system-- ------cpu-----
 r  b   swpd   free   buff  cache   si   so    bi    bo   in   cs us sy id wa st
 3  0      0  41248   1644 246252    0    0 24345     0  903 3261 62 38  0  0  0
 2  0      0  37984   2320 248736    0    0 40730     0 1094 5619  1 97  0  2  0
 2  1      0  44700    972 243388    0    0 43797     0 1214 6126  1 97  0  2  0
 2  0      0  43836   1132 244036    0    0 40273     0 1156 5701  1 95  0  4  0
 2  2      0  39788   1960 247296    0    0 41057     0 1129 5539  0 99  0  1  0
 1  0      0  43468   1244 244348    0    0 43924     0 1177 6059  0 98  0  2  0
 1  0      0  37700   2400 248848    0    0 38911     0 1056 5023  0 99  0  1  0
 2  0      0  37952   2308 248768    0    0 42487     0 1040 5244  0 98  0  2  0
 2  0      0  38116   2312 248664    0    0 42451     0 1279 6147  2 98  0  1  0
 3  0      0  38560   2172 248400    0    0 30202     0  887 4179 25 74  0  1  0
 1  0      0  44968    904 243176    0    0 18492     0  689 2583 58 41  0  1  0
 0  2      0  39696   1940 247340    0    0 39843     0 1115 5164  1 97  0  2  0
 2  0      0  43028   1208 244688    0    0 43000     0 1166 5768  0 99  0  1  0
 1  0      0  40892   1548 246532    0    0 39491     0 1094 5334  0 99  0  1  0
 1  0      0  39612   1976 247532    0    0 37143     0 1023 5339  1 97  0  2  0
 1  0      0  38896   2100 247944    0    0 38404     0 1065 5050  0 99  0  1  0
 2  0      0  45256    888 243048    0    0 41129     0 1138 5543  1 97  0  2  0
 1  0      0  41508   1716 245968    0    0 39942     0 1113 5794  0 99  0  1  0
 5  0      0  41244   1808 245996    0    0 37626     0 1036 5081  6 92  0  2  0
 0  3      0  37900   2388 248864    0    0 33031     0  965 4827 20 79  0  1  0
 1  0      0  37800   2252 248876    0    0 15495     0  603 2307 63 37  0  0  0
procs -----------memory---------- ---swap-- -----io---- -system-- ------cpu-----
 r  b   swpd   free   buff  cache   si   so    bi    bo   in   cs us sy id wa st
 1  0      0  39340   1936 247532    0    0 65932     0 1421 7207  0 98  0  2  0
 2  0      0  37840   2364 248928    0    0 46414     0 1495 7925  0 98  0  2  0
 1  2      0  44672    944 243320    0    0 43394     0 1223 6274  0 99  0  1  0
 1  0      0  39676   1888 247536    0    0 43135     0 1174 6165  0 98  0  2  0
 0  2      0  42892   1376 244756    0    0 43414     0 1158 5498  0 99  0  1  0
 2  1      0  43920   1140 244072    0    0 44929     0 1232 5763  1 98  0  1  0
 4  0      0  44244   1056 243868    0    0 36797     0 1048 5365  9 89  0  2  0
 1  0      0  46008    724 242424    0    0 37623     0 1092 4717 15 84  0  1  0
 1  0      0  45160    944 243056    0    0 22840     0  778 3075 55 45  0  0  0
 1  1      0  43560   1200 244400    0    0 39586     0 1057 5410  1 98  0  1  0
 1  0      0  40568   1784 246764    0    0 39678     0 1065 4887  1 97  0  2  0
 0  2      0  39532   2032 247300    0    0 37394     0 1017 4773  0 99  0  1  0
 2  0      0  39828   1880 247288    0    0 39673     0 1106 5338  1 98  0  1  0
 2  0      0  42316   1348 245400    0    0 42597     0 1187 5902  0 98  0  2  0
 1  2      0  38180   2308 248720    0    0 41180     0 1117 5873  0 99  0  1  0
 1  0      0  39068   2052 248112    0    0 37293     0 1020 5378  1 98  0  1  0
 2  0      0  43160   1272 244684    0    0 36789     0 1043 4689 21 78  0  1  0
 2  0      0  38956   2192 247888    0    0 39932     0 1069 5095  0 95  0  5  0
 2  1      0  39056   2076 247936    0    0 15842     0  612 2589 65 35  0  0  0
 1  0      0  41808   1484 245668    0    0 43315     0 1153 5327  0 98  0  2  0
 1  0      0  43116   1292 244716    0    0 44650     0 1147 5133  1 98  0  1  0
procs -----------memory---------- ---swap-- -----io---- -system-- ------cpu-----
 r  b   swpd   free   buff  cache   si   so    bi    bo   in   cs us sy id wa st
 1  0      0  40892   1656 246456    0    0 44431     0 1158 5326  0 99  0  1  0
 0  4      0  41416   1460 245740    0    0 45202     0 1164 5625  0 99  0  1  0
 1  0      0  38436   2220 248440    0    0 40190     0 1063 5397  0 98  0  2  0
 2  0      0  43560   1228 244472    0    0 40199     0 1059 5138  0 99  0  1  0
 4  0      0  38192   2152 248848    0    0 33535     0  965 4916 17 82  0  1  0
 2  0      0  38064   2256 248632    0    0 36230     0  996 5075  7 92  0  1  0
 9  0      0  42044   1440 245524    0    0 43145     0 1178 5318 14 86  0  1  0
 1  0      0  38300   2228 248688    0    0 23535     0  790 3444 41 58  0  1  0
 1  0      0  41376   1660 246192    0    0 42373     0 1096 6028  1 98  0  1  0
 1  0      0  38384   2196 248684    0    0 38124     0 1053 4752  0 98  0  2  0
 1  0      0  38404   2252 248320    0    0 36497     0  982 5477  2 97  0  1  0
 0  2      0  42524   1364 245224    0    0 42613     0 1161 5770  1 98  0  1  0
 1  0      0  49704     28 239132    0    0 44746     0 1216 5861  0 98  0  2  0
 3  0      0  42180   1380 245428    0    0 41549     0 1139 6290  1 97  0  2  0
 2  0      0  41488   1664 246012    0    0 30811     0  885 4111 23 76  0  1  0
 1  0      0  39384   2048 247736    0    0 38803     0 1046 5512  1 98  0  1  0
10  0      0  42084   1412 245596    0    0 37108     0 1080 4913 30 69  0  1  0
 1  0      0  38748   2232 248268    0    0 31439     0  917 4618 22 77  0  1  0
 1  0      0  37420   2344 249204    0    0 37915     0 1043 5008  1 97  0  2  0
 4  0      0  43404   1244 244432    0    0 40632     0 1083 5348  0 99  0  1  0
 2  0      0  42256   1420 245516    0    0 44001     0 1191 6512  1 97  0  2  0
procs -----------memory---------- ---swap-- -----io---- -system-- ------cpu-----
 r  b   swpd   free   buff  cache   si   so    bi    bo   in   cs us sy id wa st
 1  0      0  44388   1064 243792    0    0 46240     0 1231 6408  2 97  0  1  0
 3  0      0  40892   1760 246488    0    0 41192     0 1129 5670  0 99  0  1  0
 2  0      0  37624   2252 248788    0    0 31014     0  882 4008 24 75  0  2  0
 2  0      0  41324   1448 246324    0    0 44597     0 1213 6091  0 98  0  2  0
 1  0      0  40352   1788 246972    0    0 40078     0 1095 5346  1 97  0  2  0
11  1      0  44872    940 243072    0    0 26483     0  939 4270 48 52  0  0  0
 1  0      0  39352   2060 247748    0    0 39282     0 1070 5628  3 95  0  2  0
 1  0      0  45644    828 242496    0    0 41858     0 1139 5490  0 99  0  1  0
 1  2      0  41584   1644 245932    0    0 40881     0 1163 5761  1 98  0  1  0
 1  0      0  39812   1940 247252    0    0 39133     0 1055 5347  0 98  0  2  0
 1  0      0  39888   1920 247248    0    0 37465     0 1010 4764  0 99  0  1  0
 1  2      0  37960   2236 248808    0    0 38147     0 1011 4909  2 96  0  2  0
 2  0      0  42584   1252 245188    0    0 42798     0 1174 5923 19 80  0  1  0
 2  0      0  39992   1708 247188    0    0 50347     0 1292 7267  0 98  0  2  0
12  0      0  39420   1816 247532    0    0 45996     0 1373 6865 28 69  0  3  0
 4  0      0  38040   2184 248744    0    0 31718     0  899 4662 17 82  0  1  0
 2  0      0  41484   1620 246016    0    0 45113     0 1137 5855  0 99  0  1  0
 2  0      0  37880   2228 248936    0    0 43001     0  993 5047  0 98  0  2  0
 4  0      0  40364   1624 246728    0    0 49226     0 1386 6917  1 98  0  1  0
 4  0      0  37408   2128 248992    0    0 40306     0 1050 6048  0 98  0  2  0
 4  0      0  43292   1140 244428    0    0 41893     0 1143 6739 19 79  0  2  0
procs -----------memory---------- ---swap-- -----io---- -system-- ------cpu-----
 r  b   swpd   free   buff  cache   si   so    bi    bo   in   cs us sy id wa st
 1  0      0  38708   2136 248192    0    0 39285     0 1033 5144  0 99  0  1  0
 0  2      0  42368   1400 245240    0    0 44789     0 1160 6942  0 98  0  2  0
10  0      0  38776   1952 248084    0    0 69551     0 1794 10199 25 74  0  1  0
 2  1      0  40488   1624 246884    0    0 47854     0 1479 8157 11 88  0  1  0
 3  0      0  43264   1112 244496    0    0 45778     0 1183 6030  0 99  0  1  0
 1  2      0  39696   1792 247452    0    0 59076     0 1358 6793  0 99  0  1  0
 1  1      0  41072   1584 246256    0    0 54445     0 1563 8392  0 99  0  1  0
 0  2      0  38540   2008 248396    0    0 54415     0 1522 8309 16 83  0  1  0
 1  0      0  38656   1996 248152    0    0 58168     0 1475 7898  0 99  0  1  0
 2  2      0  38300   2212 248440    0    0 40858     0 1048 5279  0 99  0  1  0
 2  0      0  39932   1704 246440    0    0 42487     0 1307 5809 38 61  0  1  0
 4  0      0  38624   2016 248296    0    0 43885     0 1119 6894  0 99  0  1  0
 1  0      0  37936   2064 248696    0    0 45884     0 1175 6053  1 97  0  2  0
 1  0      0  40244   1768 246940    0    0 50930     0 1280 7025  0 99  0  1  0
 4  0      0  40288   1628 246836    0    0 58529     0 1490 7831  6 93  0  1  0
 1  0      0  42612   1320 245044    0    0 44104     0 1187 6303 13 86  0  1  0
 0  2      0  43064   1216 244572    0    0 43252     0 1109 5553  0 98  0  2  0
 2  1      0  39836   1708 247328    0    0 47009     0 1199 6399  0 99  0  1  0
10  0      0  42192   1312 245412    0    0 51480     0 1331 7317  7 91  0  1  0
 1  0      0  37968   2140 248652    0    0 23389     0  794 3844 45 53  0  2  0
 6  0      0  38640   2076 248216    0    0 51170     0 1267 6537  0 98  0  2  0
procs -----------memory---------- ---swap-- -----io---- -system-- ------cpu-----
 r  b   swpd   free   buff  cache   si   so    bi    bo   in   cs us sy id wa st
 3  0      0  40336   1808 246816    0    0 53813     0 1336 6905  1 98  0  1  0
 3  2      0  38868   2000 248000    0    0 50592     0 1319 7109  0 98  0  2  0
 3  0      0  39056   1984 247924    0    0 31477     0  842 4163 24 75  0  1  0
 0  2      0  42096   1316 245284    0    0 47412     0 1148 6468  0 99  0  1  0
 1  2      0  39400   1844 247504    0    0 42493     0 1139 6416  0 99  0  1  0
 2  0      0  41656   1608 245892    0    0 41092     0 1070 5450  0 98  0  2  0
 4  0      0  40964   1612 246348    0    0 48110     0 1225 7035  0 98  0  2  0
 1  0      0  40972   1656 246316    0    0 24516     0  801 3363 52 48  0  0  0
 2  1      0  37848   2340 248952    0    0 48545     0 1149 5702  0 99  0  1  0
 4  0      0  40884   1644 246580    0    0 46614     0 1257 5901  0 98  0  2  0
 4  0      0  47948    184 240744    0    0 66006     0 1758 9562  2 96  0  1  0
 1  0      0  37924   2268 248768    0    0 36394     0 1053 5975 21 79  0  1  0
 0  2      0  38720   2048 248060    0    0 46683     0 1215 6033  0 99  0  1  0
 3  0      0  37420   2328 249072    0    0 50624     0 1282 7062  0 98  0  2  0
 0  2      0  43732   1156 244136    0    0 50094     0 1371 6941  0 99  0  1  0
10  0      0  39212   2056 247860    0    0 25569     0  858 3252 48 53  0  0  0
 0  2      0  39660   1876 247280    0    0 37741     0 1026 5454  3 92  0  5  0
 2  0      0  43184   1420 244524    0    0 39101     0 1104 5933  1 98  0  1  0
 4  0      0  44220   1104 243840    0    0 38801     0 1079 5420  0 98  0  2  0
 1  0      0  37428   2324 249292    0    0 40418     0 1073 5641  0 99  0  1  0
 1  0      0  42084   1480 245508    0    0 35889     0 1033 6160 23 76  0  1  0
procs -----------memory---------- ---swap-- -----io---- -system-- ------cpu-----
 r  b   swpd   free   buff  cache   si   so    bi    bo   in   cs us sy id wa st
 1  0      0  37812   2308 248972    0    0 38353     0 1042 4862  1 98  0  1  0
 2  0      0  38988   1996 248112    0    0 46073     0 1210 6322  0 98  0  2  0
 1  0      0  39604   1984 247516    0    0 37536     0  998 4703  0 99  0  1  0
 1  0      0  37784   2300 249156    0    0 38633     0 1052 5180  1 98  0  1  0
 2  0      0  41384   1708 246168    0    0 21864     0  810 3523 52 47  0  1  0
 3  1      0  40448   1640 246896    0    0 45535     0 1242 6513  1 98  0  1  0
 1  0      0  38708   2112 248328    0    0 38624     0 1026 5018  1 98  0  1  0
 2  0      0  43348   1252 244512    0    0 40847     0 1133 6256  0 98  0  2  0
 4  0      0  38488   2124 248292    0    0 32931     0  945 5213 19 80  0  1  0
 1  0      0  41500   1644 245968    0    0 36615     0 1028 4889  7 92  0  1  0
 3  0      0  38508   2144 248200    0    0 38717     0 1073 5273  1 98  0  1  0
 1  2      0  40716   1748 246556    0    0 42492     0 1181 5906  0 99  0  1  0
 1  0      0  40384   1792 246708    0    0 39262     0 1085 5270  0 98  0  2  0
 1  0      0  41268   1596 246036    0    0 46398     0 1252 6051  0 99  0  1  0
 1  0      0  44236   1104 243772    0    0 22002     0  769 3556 54 46  0  0  0
 2  3      0  38664   2204 247952    0    0 40029     0 1070 5147  0 99  0  1  0
 0  3      0  39652   1876 247256    0    0 44379     0 1159 5967  0 98  0  2  0
 2  0      0  38300   2136 248680    0    0 41692     0 1138 6031  1 98  0  1  0
 1  0      0  42592   1380 245064    0    0 40557     0 1134 5481 21 78  0  1  0
 0  2      0  39876   1908 247116    0    0 41199     0 1103 5149  0 98  0  2  0
 0  2      0  37748   2336 248788    0    0 41504     0 1066 5254  0 99  0  1  0
procs -----------memory---------- ---swap-- -----io---- -system-- ------cpu-----
 r  b   swpd   free   buff  cache   si   so    bi    bo   in   cs us sy id wa st
 2  0      0  38468   2092 248336    0    0 44634     0 1195 6035  0 99  0  1  0
 1  0      0  44652    928 243532    0    0 41993     0 1131 5728  1 97  0  2  0
10  0      0  41388   1692 245908    0    0 32242     0  931 4494 18 81  0  1  0
 0  2      0  40824   1728 246372    0    0 24087     0  778 3608 43 57  0  0  0
 1  0      0  42700   1388 244904    0    0 39899     0 1131 6203  0 98  0  2  0
 1  0      0  41092   1800 246272    0    0 38211     0 1034 5166  1 98  0  1  0
 4  0      0  38680   2152 248372    0    0 33533     0  964 4821 20 79  0  1  0
 0  2      0  38132   2212 248860    0    0 38936     0 1036 5149  6 93  0  1  0
 2  0      0  39328   1988 247816    0    0 36702     0  992 5291  0 99  0  1  0
 2  0      0  42564   1312 245028    0    0 45462     0 1228 5944  2 97  0  2  0
 1  0      0  41732   1572 245712    0    0 39346     0 1067 4976  0 95  0  5  0
 1  0      0  41324   1632 246124    0    0 44724     0 1201 5863  0 98  0  2  0
 8  2      0  41116   1744 246180    0    0 38217     0 1069 5926  6 93  0  1  0
 1  2      0  38056   2272 248864    0    0 17683     0  647 2522 60 39  0  1  0
 1  0      0  41760   1580 245708    0    0 41678     0 1120 5927  0 98  0  2  0
 0  3      0  38056   2268 248780    0    0 39657     0 1072 5341  0 99  0  1  0
 1  0      0  41232   1680 246104    0    0 29716     0  896 4734 24 75  0  1  0
 5  0      0  44124   1052 243840    0    0 40247     0 1114 5295  0 99  0  1  0
 3  0      0  40612   1744 246764    0    0 41085     0 1119 5868  2 96  0  2  0
 1  0      0  40844   1848 246380    0    0 39040     0 1111 5322  0 99  0  1  0
 1  0      0  40196   1852 246972    0    0 39414     0 1065 5472  2 97  0  1  0
procs -----------memory---------- ---swap-- -----io---- -system-- ------cpu-----
 r  b   swpd   free   buff  cache   si   so    bi    bo   in   cs us sy id wa st
 1  0      0  38376   2188 248568    0    0 38953     0 1056 5075  2 97  0  1  0
 2  0      0  37632   2260 249128    0    0 40643     0 1089 5509  0 98  0  2  0
 3  0      0  44268    960 243744    0    0 22331     0  764 3172 55 45  0  0  0
 1  0      0  44608    940 243628    0    0 44932     0 1227 6468  1 97  0  2  0
 1  1      0  42352   1592 245108    0    0 39193     0 1083 5554  1 98  0  1  0
 2  0      0  40600   1900 246708    0    0 32437     0  934 4467 23 76  0  1  0
 0  2      0  40020   1932 247120    0    0 39913     0 1079 5869  0 98  0  2  0
 1  0      0  39696   1860 247448    0    0 38252     0 1060 5676  0 99  0  1  0
 0  4      0  44196    952 243644    0    0 53114     0 1426 7714  1 97  0  2  0
 3  0      0  40296   1780 247004    0    0 52035     0 1361 7671  0 99  0  1  0
 4  0      0  40840   1644 246608    0    0 49355     0 1312 7155  1 98  0  2  0
 5  0      0  38240   2116 248344    0    0 25375     0  859 3896 52 48  0  0  0
 2  1      0  44216   1132 243808    0    0 40497     0 1083 5333  1 97  0  2  0
 1  2      0  42336   1384 245320    0    0 39263     0 1080 5692  1 98  0  1  0
 2  0      0  39508   1992 247540    0    0 31072     0  872 4169 26 73  0  1  0
 1  0      0  39496   1908 247620    0    0 37991     0 1031 5299  2 97  0  1  0
 2  0      0  45032    852 243372    0    0 40728     0 1092 5186  0 98  0  2  0
 1  0      0  38784   2036 248384    0    0 40091     0 1083 5328  1 98  0  1  0
 1  0      0  37824   2312 248756    0    0 38434     0 1078 5262  1 92  6  2  0
 3  0      0  41124   1668 246108    0    0 41592     0 1126 5900  1 97  0  2  0
 2  0      0  37960   2296 248740    0    0 37714     0 1016 4717  1 97  0  2  0
procs -----------memory---------- ---swap-- -----io---- -system-- ------cpu-----
 r  b   swpd   free   buff  cache   si   so    bi    bo   in   cs us sy id wa st
 8  0      0  38100   2156 248740    0    0 21607     0  749 2962 51 49  0  0  0
 1  1      0  43024   1300 244808    0    0 41013     0 1151 6020  7 91  0  2  0
 6  0      0  43324   1300 244576    0    0 41625     0 1109 5685 12 87  0  1  0
 2  0      0  38616   2048 248308    0    0 34243     0  997 5732 12 87  0  1  0
 1  1      0  37644   2332 249016    0    0 40713     0 1115 5759  0 98  0  2  0
 0  2      0  42300   1464 245312    0    0 43709     0 1166 5507  1 97  0  2  0
 1  0      0  43680   1140 244276    0    0 48622     0 1280 6642  0 98  0  2  0
 3  1      0  43284   1200 244472    0    0 46357     0 1283 6573  0 99  0  1  0
 1  0      0  39912   1828 247276    0    0 43154     0 1168 5939  0 98  0  2  0
11  0      0  39360   2016 247696    0    0 38573     0 1120 5663 29 70  0  1  0
 3  0      0  41216   1600 246000    0    0 38466     0 1074 5141 21 78  0  1  0
 4  0      0  41544   1592 245752    0    0 43340     0 1227 5664 20 79  0  1  0
 0  2      0  39164   1948 247932    0    0 39779     0 1000 5134  0 99  0  1  0
 1  2      0  42760   1304 244856    0    0 48375     0 1288 6927  0 98  0  2  0
 2  0      0  45052    856 243140    0    0 47147     0 1254 5903  1 98  0  1  0
 0  2      0  42644   1240 245024    0    0 46549     0 1252 6637  0 98  0  2  0
 1  0      0  38924   2092 248008    0    0 38344     0 1027 5781  0 99  0  1  0
 2  0      0  43384   1120 244624    0    0 43220     0 1166 5478  1 97  0  2  0
10  0      0  43100   1356 244456    0    0 37931     0 1213 5458 32 67  0  1  0
 2  0      0  42924   1252 244828    0    0 38570     0 1080 5134 16 82  0  2  0
 4  0      0  41460   1580 246072    0    0 31094     0  896 4350 24 75  0  1  0
procs -----------memory---------- ---swap-- -----io---- -system-- ------cpu-----
 r  b   swpd   free   buff  cache   si   so    bi    bo   in   cs us sy id wa st
 1  0      0  38304   2180 248520    0    0 39699     0 1097 5849  1 98  0  1  0
 3  0      0  44032   1188 243724    0    0 40593     0 1102 5282  0 98  0  2  0
 2  0      0  43240   1352 244648    0    0 40020     0 1098 5141  0 99  0  1  0
 1  2      0  47184    480 241316    0    0 43911     0 1181 6068  1 97  0  2  0
 2  0      0  40560   1812 246664    0    0 40215     0 1128 5440  1 98  0  1  0
 1  0      0  41748   1480 245636    0    0 45649     0 1210 5981  0 98  0  2  0
 2  0      0  43116   1232 244756    0    0 44955     0 1192 6028  0 99  0  1  0
 2  0      0  41836   1440 245652    0    0 15646     0  621 2501 59 40  0  1  0
 2  1      0  40344   1952 246752    0    0 40013     0 1091 5834  0 99  0  1  0
 1  0      0  41832   1528 245844    0    0 31061     0  879 3914 25 74  0  1  0
 1  0      0  40092   1860 246956    0    0 40538     0 1133 5412  1 98  0  1  0
 1  2      0  43168   1228 244664    0    0 44044     0 1200 5726  0 98  0  2  0
 1  0      0  41020   1736 246436    0    0 38863     0 1056 4920  2 97  0  1  0
 2  2      0  43248   1308 244384    0    0 38947     0 1067 5602  0 98  0  2  0
 0  0      0  44088   1116 243928    0    0 37239     0 1042 5315  1 98  0  1  0
 2  0      0  42892   1268 244944    0    0 42850     0 1077 5713  0 98  0  2  0
 2  0      0  39388   1892 247672    0    0 38534     0 1016 5719  2 97  0  1  0
10  0      0  43296   1216 244568    0    0 21230     0  726 3446 46 53  0  1  0
 1  2      0  60328   2472 249920    0    0 33324     0  961 4953 15 83  0  2  0
 0  0      0  50044   4472 258460    0    0  5207     0  363 1068  1 18 81  0  0
 0  0      0  48928   4640 259468    0    0   654     0  267  201  0  1 99  0  0
procs -----------memory---------- ---swap-- -----io---- -system-- ------cpu-----
 r  b   swpd   free   buff  cache   si   so    bi    bo   in   cs us sy id wa st
 0  0      0  48928   4640 259496    0    0     0     0  253  133  2  0 98  0  0
 0  0      0  48432   4696 259856    0    0   296     0  261  172  0  1 99  0  0
 0  0      0  48432   4696 259872    0    0     0     0  253  141  2  0 98  0  0
 1  0      0  47564   4844 260608    0    0   651     0  267  213  2  1 97  0  0
 0  0      0  47068   4908 261012    0    0   191     0  255  146  1  1 98  0  0
 0  0      0  47068   4908 261012    0    0     0     0  254  145  1  0 99  0  0
 0  0      0  47068   4908 261012    0    0     0     0  252  135  2  0 98  0  0
 0  0      0 110460   4908 261040    0    0     0     0  262  220  0  1 99  0  0
 0  0      0 110472   4908 261044    0    0     0     0  254  142  0  0 100  0  0
 0  0      0 110472   4908 261044    0    0     0     0  252  141  1  0 99  0  0
 0  0      0 110472   4908 261044    0    0     0     0  255  146  0  1 99  0  0
 0  0      0 110472   4908 261044    0    0     0     0  252  143  0  0 100  0  0
 0  0      0 110472   4908 261044    0    0     0     0  255  145  1  1 98  0  0
 0  0      0 110472   4908 261044    0    0     0     0  252  139  1  0 99  0  0
 0  0      0 110472   4908 261044    0    0     0     0  255  145  0  1 99  0  0
 0  0      0 110480   4908 261044    0    0     0     0  252  145  1  0 99  0  0
 0  0      0 110480   4908 261044    0    0     0     0  254  143  0  1 99  0  0
 0  0      0 110480   4908 261044    0    0     0     0  252  137  1  0 99  0  0
 0  0      0 110480   4992 261272    0    0   256     0  270  292  2  0 98  0  0
 0  0      0 110480   4992 261296    0    0     0     0  255  140  1  0 99  0  0
 0  0      0 110480   4992 261296    0    0     0     0  254  145  1  0 99  0  0
procs -----------memory---------- ---swap-- -----io---- -system-- ------cpu-----
 r  b   swpd   free   buff  cache   si   so    bi    bo   in   cs us sy id wa st
 0  0      0 110480   4992 261296    0    0     0     0  255  141  2  0 98  0  0
 0  0      0 110480   4992 261296    0    0     0     0  252  145  2  0 98  0  0
 0  0      0 110480   4992 261296    0    0     0     0  251  143  1  1 98  0  0
 0  0      0 110480   4992 261296    0    0     0     0  254  147  2  0 98  0  0
 0  0      0 110480   4992 261296    0    0     0     0  254  141  2  0 98  0  0
 0  0      0 110480   4992 261296    0    0     0     0  255  140  2  0 98  0  0
 0  0      0 110480   4992 261296    0    0     0     0  252  140  2  0 98  0  0
 0  0      0 109860   5128 261992    0    0   487     0  266  191  0  1 99  0  0
 0  0      0 109860   5128 262020    0    0     0     0  252  137  0  0 100  0  0
 0  0      0 109860   5128 262020    0    0     0     0  254  144  1  0 99  0  0
 0  0      0 109860   5128 262020    0    0     0     0  253  144  1  0 99  0  0
 0  0      0 109860   5128 262020    0    0     0     0  255  144  0  0 100  0  0
 0  0      0 109860   5128 262020    0    0     0     0  254  139  1  0 99  0  0
 0  0      0 109860   5128 262020    0    0     0     0  255  149  2  1 97  0  0
 0  0      0 109860   5128 262020    0    0     0     0  255  145  1  0 99  0  0
 0  0      0 109860   5128 262020    0    0     0     0  254  145  2  0 98  0  0
 0  0      0 109860   5128 262020    0    0     0     0  252  138  2  0 98  0  0
 0  0      0 109860   5128 262020    0    0     0     0  255  145  1  1 98  0  0
 0  0      0 109860   5128 262020    0    0     0     0  252  140  1  0 99  0  0
 0  0      0 109860   5128 262020    0    0     0     0  255  149  2  0 98  0  0
 0  0      0 109860   5128 262020    0    0     0     0  252  138  2  0 98  0  0
procs -----------memory---------- ---swap-- -----io---- -system-- ------cpu-----
 r  b   swpd   free   buff  cache   si   so    bi    bo   in   cs us sy id wa st
 0  0      0 109860   5128 262020    0    0     0     0  254  145  1  1 98  0  0
 0  0      0 109860   5128 262020    0    0     0     0  252  140  1  0 99  0  0
 0  0      0 109860   5128 262020    0    0     0     0  254  145  0  0 100  0  0
 0  0      0 109860   5128 262024    0    0     0     0  254  134  2  0 98  0  0
 0  0      0 109860   5128 262024    0    0     0     0  257  145  0  0 100  0  0
 0  0      0 109860   5128 262024    0    0     0     0  256  137  2  1 97  0  0
 0  0      0 109612   5176 262132    0    0    45     0  254  165  0  1 99  0  0
 0  0      0 109612   5176 262152    0    0     0     0  253  139  2  0 98  0  0
 0  0      0 109612   5176 262152    0    0     0     0  256  141  1  1 98  0  0
 0  0      0 109612   5176 262152    0    0     0     0  252  144  1  0 99  0  0
 0  0      0 109612   5176 262152    0    0     0     0  252  142  2  1 97  0  0
 0  0      0 109612   5176 262152    0    0     0     0  252  140  0  0 100  0  0
 0  0      0 109612   5176 262152    0    0     0     0  255  147  2  0 98  0  0
 0  0      0 109612   5176 262152    0    0     0     0  255  143  2  0 98  0  0
 0  0      0 109612   5176 262152    0    0     0     0  250  145  1  0 99  0  0
 0  0      0 109612   5176 262152    0    0     0     0  252  138  1  0 99  0  0
 0  0      0 108496   5376 263044    0    0   612     0  267  203  1  4 95  0  0
 0  0      0 108496   5376 263076    0    0     0     0  253  140  0  0 100  0  0
 0  0      0 108496   5376 263076    0    0     0     0  253  147  1  0 99  0  0
 1  0      0 108496   5376 263076    0    0     0     0  251  143  0  0 100  0  0
 0  0      0 103908   6120 266848    0    0  2476     0  307  377  2  8 88  1  0
procs -----------memory---------- ---swap-- -----io---- -system-- ------cpu-----
 r  b   swpd   free   buff  cache   si   so    bi    bo   in   cs us sy id wa st
 0  0      0 103908   6120 266852    0    0     0     0  253  141  1  0 99  0  0
 0  0      0 103908   6120 266852    0    0     0     0  258  148  2  0 98  0  0
 0  0      0 103908   6120 266852    0    0     0     0  252  139  1  0 99  0  0
 0  0      0 103908   6120 266852    0    0     0     0  254  146  0  0 100  0  0
 0  0      0  82580   9212 279388    0    0  7429     0  390 1650  5 24 67  4  0
 0  0      0  82580   9212 279416    0    0     0     0  255  127  1  0 99  0  0
 0  4      0  60872  12468 295324    0    0 10410     0  487 2239  3 29 40 28  0
 1  0      0  46784  18152 298988    0    0 22339     0  638 3420  8 66  0 26  0
 2  0      0  47476  14136 299400    0    0 24508     0  732 3142  5 77  0 18  0
 3  0      0  52900  13460 290836    0    0 20769     0  718 4167  9 71  0 20  0
 0  2      0  47956  13304 292328    0    0 19026     0  679 3945 11 70  0 19  0
 2  0      0  46656  10304 288976    0    0 23185     0  690 3024  9 85  0  6  0
 5  1      0  47872  12648 283720    0    0 30651     0  861 3760  2 95  0  3  0
 2  0      0  48464  10260 275652    0    0 21137     0  800 3260 16 74  0  9  0
 2  1      0  47164   9376 277260    0    0 17979     0  694 3600  6 65  0 29  0
 1  0      0  48992   9216 273500    0    0 27325     0  891 3407  4 86  0  9  0
 1  0      0  50416   7720 272048    0    0 23594     0  850 3338  7 88  4  1  0
 0  0      0  50300   7724 272076    0    0     7     0  264  162  1  0 99  0  0
 0  0      0  49804   7788 272492    0    0   316     0  263  162  2  1 97  0  0
 0  0      0  49804   7788 272476    0    0     0     0  256  133  2  0 98  0  0
 1  0      0  49432   7868 272708    0    0   326     0  265  202  2  2 96  0  0
procs -----------memory---------- ---swap-- -----io---- -system-- ------cpu-----
 r  b   swpd   free   buff  cache   si   so    bi    bo   in   cs us sy id wa st
 0  0      0  49308   7868 272856    0    0     0     0  257  137  2  0 98  0  0
 0  0      0  49308   7868 272856    0    0     0     0  255  131  2  0 98  0  0
 0  0      0  49308   7868 272856    0    0     0     0  257  129  2  0 98  0  0
 1  0      0  49308   7868 272856    0    0     0     0  257  134  2  0 98  0  0
 0  0      0  49308   7868 272856    0    0     0     0  256  130  0  1 99  0  0
 0  0      0  49308   7868 272856    0    0     0     0  255  127  2  0 98  0  0
 0  0      0  49308   7868 272856    0    0     0     0  255  137  2  0 98  0  0
 0  0      0  48688   8020 273384    0    0   507     0  262  172  0  3 96  1  0
 0  0      0  48688   8020 273388    0    0     0     0  255  129  0  1 99  0  0
 1  0      0  48688   8020 273388    0    0     0     0  253  123  1  0 99  0  0
 0  0      0  48688   8020 273388    0    0     0     0  258  138  0  0 100  0  0
 0  0      0  48688   8020 273388    0    0     0     0  253  127  1  0 99  0  0
 0  0      0  48688   8020 273388    0    0     0     0  257  130  0  0 100  0  0
 0  0      0  48688   8020 273388    0    0     0     0  251  129  1  1 98  0  0
 0  0      0  46692   8344 275040    0    0  1143     0  278  248  2  5 93  0  0
 0  0      0  46688   8344 275036    0    0     0     0  253  126  0  0 100  0  0
 0  0      0  46688   8344 275036    0    0     0     0  255  128  1  0 99  0  0
 0  0      0  46544   8372 275164    0    0    73     0  259  139  1  0 99  0  0
 0  0      0  46548   8372 275148    0    0     0     0  255  132  1  0 99  0  0
 1  0      0  46548   8372 275148    0    0     0     0  253  124  0  1 99  0  0
 0  0      0  46548   8372 275148    0    0     0     0  255  133  1  0 99  0  0
procs -----------memory---------- ---swap-- -----io---- -system-- ------cpu-----
 r  b   swpd   free   buff  cache   si   so    bi    bo   in   cs us sy id wa st
 0  0      0  46548   8372 275148    0    0     0     0  252  121  0  0 100  0  0
 0  0      0  46548   8372 275148    0    0     0     0  254  129  0  1 99  0  0
 0  0      0  46548   8372 275148    0    0     0     0  255  122  1  0 99  0  0
 0  0      0  46548   8372 275148    0    0     0     0  255  132  1  0 99  0  0
 0  0      0  46548   8372 275148    0    0     0     0  253  121  2  0 98  0  0
 0  0      0  46548   8372 275148    0    0     0     0  256  129  1  0 99  0  0
 0  0      0  46548   8372 275148    0    0     0     0  253  126  1  0 99  0  0
 0  0      0  46548   8372 275148    0    0     0     0  255  130  1  0 99  0  0
 2  0      0  46548   8372 275148    0    0     0     0  253  122  2  0 98  0  0
 0  0      0  46548   8372 275148    0    0     0     0  255  131  0  1 99  0  0
 0  0      0  46548   8372 275148    0    0     0     0  254  124  1  1 98  0  0
 0  0      0  46548   8372 275148    0    0     0     0  255  131  0  0 100  0  0
 0  0      0  46276   8372 275148    0    0     0     0  253  124  0  0 100  0  0
 0  0      0  60720   6064 263448    0    0  2480     0  301  462  1 11 88  0  0
 0  0      0  60720   6064 263436    0    0     0     0  254  126  0  0 100  0  0
 0  0      0  60720   6064 263436    0    0     0     0  256  131  0  1 99  0  0
 0  0      0  60720   6064 263436    0    0     0     0  252  128  1  0 99  0  0
 0  0      0  60720   6064 263436    0    0     0     0  255  131  1  0 99  0  0
 0  0      0  60720   6064 263436    0    0     0     0  253  127  1  0 99  0  0
 0  0      0  60720   6064 263436    0    0     0     0  256  131  1  1 98  0  0
 0  0      0  60720   6064 263436    0    0     0     0  252  123  0  0 100  0  0
procs -----------memory---------- ---swap-- -----io---- -system-- ------cpu-----
 r  b   swpd   free   buff  cache   si   so    bi    bo   in   cs us sy id wa st
 0  0      0  60720   6064 263436    0    0     0     0  256  131  0  1 99  0  0
 0  0      0  60720   6064 263436    0    0     0     0  246  128  2  0 98  0  0
 0  0      0  60236   6064 263436    0    0     0     0  255  134  1  0 99  0  0
 0  0      0  60252   6064 263436    0    0     0     0  252  122  1  0 99  0  0
 0  0      0  60252   6064 263436    0    0     0     0  256  129  0  0 100  0  0
 0  0      0  60252   6064 263436    0    0     0     0  254  130  0  1 99  0  0
 0  0      0  60252   6064 263436    0    0     0     0  255  131  2  0 98  0  0
 0  0      0  60252   6064 263436    0    0     0     0  254  121  0  0 100  0  0
 0  0      0  50704   7536 272020    0    0  5957     0  676 2030  1 17 82  0  0
 0  0      0  47356   8252 274548    0    0  2314     0  597 1597  5  9 85  0  0
 1  0      0  51508   7948 270704    0    0  5440     0  383  920  2 24 73  1  0
 0  3      0  50520   7892 269732    0    0 29549     0  926 4380  3 91  0  6  0
 1  0      0  48980   7432 274964    0    0 28782     0  927 6514  8 90  0  2  0
 4  0      0  64828   9520 276100    0    0 36090     0  985 3797  1 95  0  4  0
 0  0      0  70356  12372 283188    0    0 13040     0  532 1929  1 45 52  2  0
 0  0      0  51876  16236 299540    0    0 10599     0  558 1975  6 36 58  0  0
 0  0      0  51876  16236 299540    0    0     0     0  255  150  1  1 98  0  0
 0  0      0  51256  16320 300020    0    0   334     0  259  179  0  0 100  0  0
 0  0      0  51256  16320 300028    0    0     0     0  254  149  1  0 99  0  0
 0  0      0  51256  16320 300028    0    0     0     0  253  139  0  0 100  0  0
 0  0      0  51256  16320 300028    0    0     0     0  256  148  1  0 99  0  0
procs -----------memory---------- ---swap-- -----io---- -system-- ------cpu-----
 r  b   swpd   free   buff  cache   si   so    bi    bo   in   cs us sy id wa st
 1  0      0  51132  16352 300152    0    0   145     0  258  158  0  0 100  0  0
 0  0      0  51132  16352 300168    0    0     0     0  253  146  2  1 97  0  0
 0  0      0  51132  16352 300168    0    0     0     0  252  138  0  0 100  0  0
 0  0      0  51132  16352 300168    0    0     0     0  248  143  1  1 98  0  0
 0  0      0  47344  18052 305240    0    0  5465     0  408 2238  5 28 62  4  0
 0  0      0  47344  18052 305240    0    0     0     0  256  149  0  0 100  0  0
 0  0      0  47344  18052 305240    0    0     0     0  251  139  1  0 99  0  0
 0  0      0  47344  18052 305240    0    0     0     0  256  148  1  0 99  0  0
 0  0      0  47344  18052 305240    0    0     0     0  252  140  0  0 100  0  0
 0  0      0  47344  18052 305240    0    0     0     0  255  144  1  0 99  0  0
 0  0      0  47344  18052 305240    0    0     0     0  246  140  1  0 99  0  0
 0  0      0  47344  18052 305240    0    0     0     0  254  145  1  0 99  0  0
 0  0      0  47344  18052 305240    0    0     0     0  253  138  1  1 98  0  0
 0  0      0  47344  18052 305240    0    0     0     0  252  139  1  0 99  0  0
 0  0      0  47344  18052 305240    0    0     0     0  255  145  0  0 100  0  0
 0  0      0  47344  18052 305240    0    0     0     0  252  138  1  0 99  0  0
 0  0      0  47344  18052 305240    0    0     0     0  254  147  0  0 100  0  0
 0  0      0  47344  18052 305240    0    0     0     0  251  138  0  0 100  0  0
 0  0      0  47344  18052 305240    0    0     0     0  254  147  0  1 99  0  0
 0  0      0  47344  18052 305240    0    0     0     0  253  140  1  0 99  0  0
 0  0      0  47344  18052 305240    0    0     0     0  254  149  0  0 100  0  0
procs -----------memory---------- ---swap-- -----io---- -system-- ------cpu-----
 r  b   swpd   free   buff  cache   si   so    bi    bo   in   cs us sy id wa st
 0  0      0  47344  18052 305240    0    0     0     0  254  141  1  0 99  0  0
 0  0      0  47344  18052 305240    0    0     0     0  254  142  1  0 99  0  0
 0  0      0  47344  18052 305240    0    0     0     0  254  140  0  0 100  0  0
 0  0      0  47344  18052 305240    0    0     0     0  255  150  1  0 99  0  0
 0  0      0  47344  18052 305240    0    0     0     0  253  139  0  0 100  0  0
 0  0      0  47344  18052 305240    0    0     0     0  254  147  0  0 100  0  0
 0  0      0  47344  18052 305240    0    0     0     0  252  137  1  0 99  0  0
 0  0      0  47344  18052 305240    0    0     0     0  254  148  1  0 99  0  0
 0  0      0  47344  18052 305240    0    0     0     0  252  138  0  0 100  0  0
 0  0      0  47344  18052 305240    0    0     0     0  255  146  2  0 98  0  0
 0  0      0  47344  18096 305344    0    0    38     0  253  146  1  0 99  0  0
 0  0      0  47344  18096 305344    0    0     0     0  249  150  0  1 99  0  0
 0  0      0  47344  18096 305344    0    0     0     0  252  136  2  0 98  0  0
 0  0      0  47344  18096 305344    0    0     0     0  257  144  2  1 97  0  0
 0  0      0  47344  18096 305344    0    0     0     0  252  140  1  1 98  0  0
 0  0      0  47344  18096 305344    0    0     0     0  254  150  0  0 100  0  0
 0  0      0  47344  18096 305348    0    0     0     0  252  137  1  0 99  0  0
 0  0      0  47344  18096 305348    0    0     0     0  255  144  1  0 99  0  0
 0  0      0  47344  18096 305348    0    0     0     0  253  139  1  0 99  0  0
 0  0      0  47344  18096 305348    0    0     0     0  257  146  2  0 98  0  0
 0  0      0  47344  18096 305348    0    0     0     0  252  140  0  0 100  0  0
procs -----------memory---------- ---swap-- -----io---- -system-- ------cpu-----
 r  b   swpd   free   buff  cache   si   so    bi    bo   in   cs us sy id wa st
 0  0      0  53680  18096 299364    0    0     0     0  258  158  1  1 98  0  0
 0  0      0  53680  18096 299364    0    0     0     0  253  140  1  1 98  0  0
 0  0      0  53556  18096 299364    0    0     0     0  255  150  1  0 99  0  0
 0  0      0  53556  18096 299364    0    0     0     0  253  138  1  0 99  0  0
 0  0      0  53556  18096 299364    0    0     0     0  256  147  1  0 99  0  0
 0  0      0  53556  18096 299364    0    0     0     0  252  140  0  1 99  0  0
 0  0      0  53556  18096 299364    0    0     0     0  258  146  1  0 99  0  0
 1  0      0  51572  18500 300764    0    0  1066     0  275  243  1  5 94  0  0
 0  0      0  47604  18932 304320    0    0  1308     0  290  332  0  7 93  0  0
 0  0      0  47480  18980 304472    0    0   167     0  261  188  1  1 98  0  0
 0  0      0  47480  18980 304472    0    0     0     0  254  145  0  0 100  0  0
 0  0      0  47480  18980 304472    0    0     0     0  252  139  1  0 99  0  0
 0  0      0  47480  18980 304472    0    0     0     0  254  147  0  0 100  0  0
 0  0      0  47480  18980 304472    0    0     0     0  252  138  1  0 99  0  0
 0  0      0  47480  18980 304472    0    0     0     0  254  147  0  0 100  0  0
 0  0      0  47480  18980 304472    0    0     0     0  252  139  1  0 99  0  0
 0  0      0  47480  18980 304472    0    0     0     0  256  146  0  1 99  0  0
 0  0      0  47480  18980 304472    0    0     0     0  253  142  1  0 99  0  0
 0  0      0  47480  18980 304472    0    0     0     0  254  148  1  0 99  0  0
 0  0      0  47480  18980 304472    0    0     0     0  254  139  0  0 100  0  0
 0  0      0  47480  18980 304472    0    0     0     0  254  147  0  0 100  0  0
procs -----------memory---------- ---swap-- -----io---- -system-- ------cpu-----
 r  b   swpd   free   buff  cache   si   so    bi    bo   in   cs us sy id wa st
 0  0      0  47480  18980 304472    0    0     0     0  249  136  1  0 99  0  0
 0  0      0  47480  18980 304472    0    0     0     0  255  150  1  0 99  0  0
 0  0      0  47480  18980 304472    0    0     0     0  253  143  0  0 100  0  0
 0  0      0  47480  18980 304472    0    0     0     0  255  148  0  0 100  0  0
 0  0      0  47480  18980 304472    0    0     0     0  252  135  2  1 97  0  0
 0  0      0  47480  18980 304472    0    0     0     0  257  145  1  0 99  0  0
 0  0      0  47480  18980 304472    0    0     0     0  253  140  1  0 99  0  0
 0  0      0  47480  18980 304472    0    0     0     0  254  144  2  0 98  0  0
 0  0      0  47480  18980 304472    0    0     0     0  252  139  0  0 100  0  0
 0  0      0  47480  18980 304472    0    0     0     0  257  148  2  1 97  0  0
 0  0      0  47480  18980 304472    0    0     0     0  252  139  2  0 98  0  0
 0  0      0  47480  18980 304472    0    0     0     0  254  143  2  0 98  0  0
 0  0      0  47480  18980 304472    0    0     0     0  252  137  2  0 98  0  0
 0  0      0  47480  18980 304472    0    0     0     0  255  148  1  1 98  0  0
 0  0      0  47480  18980 304472    0    0     0     0  250  144  1  0 99  0  0
 0  0      0  47480  18980 304472    0    0     0     0  254  144  1  0 99  0  0
 0  0      0  47480  18980 304472    0    0     0     0  254  137  2  0 98  0  0
 0  0      0  47480  18980 304472    0    0     0     0  255  150  2  0 97  1  0
 0  0      0  47480  18980 304472    0    0     0     0  255  148  1  0 99  0  0
 0  0      0  47480  18980 304472    0    0     0     0  256  144  0  0 100  0  0
 0  0      0  47480  18980 304476    0    0     0     0  250  141  1  1 98  0  0
procs -----------memory---------- ---swap-- -----io---- -system-- ------cpu-----
 r  b   swpd   free   buff  cache   si   so    bi    bo   in   cs us sy id wa st
 0  0      0  47480  18980 304476    0    0     0     0  255  152  0  0 100  0  0
 0  0      0  47480  18980 304476    0    0     0     0  253  137  1  1 98  0  0
 0  0      0  47480  18980 304476    0    0     0     0  254  147  1  0 99  0  0
 0  0      0  47480  18980 304476    0    0     0     0  254  135  1  1 98  0  0
 0  0      0  47480  18980 304476    0    0     0     0  256  148  0  0 100  0  0
 0  0      0  47480  18980 304476    0    0     0     0  251  142  0  0 100  0  0
 0  0      0  47480  18980 304476    0    0     0     0  254  141  2  1 97  0  0
