procs -----------memory---------- ---swap-- -----io---- -system-- ------cpu-----
 r  b   swpd   free   buff  cache   si   so    bi    bo   in   cs us sy id wa st
 0  0      0  49500  11356 274892    0    0  5387     0  390  978  3 14 83  0  0
 0  0      0  49376  11356 274884    0    0     0     0  256  139  2  0 98  0  0
12  0      0  47888  11640 275992    0    0   881     0  431 1052 33  4 63  0  0
 0  0      0  47120  11800 276752    0    0   384     0  462 2043 59  6 35  0  0
 0  0      0  55712  11800 276752    0    0     0     0  387 2003  3  0 97  0  0
 0  0      0  55712  11800 276752    0    0     0     0  459 4773  8  3 89  0  0
 0  0      0  55696  11800 276752    0    0     0     0  528 1862  2  1 97  0  0
 0  0      0  51108  11800 276752    0    0     0     0  413 2414  5  2 93  0  0
 0  0      0  51100  11800 276752    0    0     0     0  532 1976  1  1 98  0  0
 0  0      0  51108  11800 276752    0    0     0     0  449 1961  4  2 94  0  0
 0  0      0  51108  11800 276752    0    0     0     0  445 1146  0  1 99  0  0
 0  0      0  51108  11800 276752    0    0     0     0  568 2107  1  1 98  0  0
 1  0      0  51108  11800 276752    0    0     0     0  262  148  9  0 91  0  0
 9  0      0  51108  11800 276752    0    0     0     0  337  700 54  0 46  0  0
 1  0      0  51108  11800 276752    0    0     0     0  306  487 30  1 69  0  0
 0  0      0  48272  12252 278892    0    0  1389     0  305 1096  2  5 89  3  0
 0  0      0  48272  12252 278892    0    0     0     0  656 2330  2  2 96  0  0
 0  0      0  56392   8644 274356    0    0  1816     0  493 1845  2  8 90  0  0
 0  0      0  56392   8644 274356    0    0     0     0  482 1517  2  1 97  0  0
 0  0      0  52548   9260 277624    0    0  2138     0  419 1128  2  9 89  0  0
 0  0      0  52548   9260 277652    0    0     0     0  405 1087  1  0 99  0  0
procs -----------memory---------- ---swap-- -----io---- -system-- ------cpu-----
 r  b   swpd   free   buff  cache   si   so    bi    bo   in   cs us sy id wa st
 0  0      0  52548   9260 277652    0    0     0     0  325  571  2  0 98  0  0
 0  0      0  52548   9260 277652    0    0     0     0  256  142  1  1 98  0  0
 1  0      0  52548   9260 277652    0    0     0     0  419 1191 20  0 80  0  0
 0  0      0  52548   9260 277652    0    0     0     0  317  806 70  0 30  0  0
 1  0      0  52548   9260 277652    0    0     0     0  561 1693  1  0 99  0  0
 0  0      0  52548   9260 277652    0    0     0     0  485 2728  2  2 96  0  0
 0  0      0  50564   9260 277652    0    0     0     0  342 2393  6  2 92  0  0
 1  0      0  50564   9260 277652    0    0     0     0  340  753  1  0 99  0  0
 0  0      0  50564   9260 277652    0    0     0     0  395 1046  2  1 97  0  0
 0  0      0  50540   9260 277652    0    0     0     0  389 2071  2  1 97  0  0
 0  0      0  50564   9260 277652    0    0     0     0  548 2088  0  2 98  0  0
 0  0      0  50540   9260 277652    0    0     0     0  496 2755  2  0 98  0  0
 0  0      0  50564   9260 277652    0    0     0     0  425 1824 15  1 84  0  0
 9  0      0  50564   9260 277652    0    0     0     0  554 1578 24  1 75  0  0
 0  0      0  50564   9260 277652    0    0     0     0  392 1866 57  2 41  0  0
 0  0      0  50564   9260 277652    0    0     0     0  408 2743  5  2 93  0  0
 0  0      0  50540   9260 277652    0    0     0     0  545 3198  3  2 95  0  0
 0  0      0  50540   9260 277652    0    0     0     0  452 1758  3  0 97  0  0
 0  0      0  50316   9308 277832    0    0   167     0  588 2001  3  3 94  0  0
 0  0      0  50316   9308 277832    0    0     0     0  259  154  2  0 98  0  0
 0  0      0  50316   9308 277832    0    0     0     0  253  132  0  0 100  0  0
procs -----------memory---------- ---swap-- -----io---- -system-- ------cpu-----
 r  b   swpd   free   buff  cache   si   so    bi    bo   in   cs us sy id wa st
 0  0      0  50316   9308 277832    0    0     0     0  254  137  2  0 98  0  0
 0  0      0  50316   9308 277832    0    0     0     0  263  132 15  1 84  0  0
 0  0      0  50316   9308 277832    0    0     0     0  262  140  6  0 94  0  0
 9  0      0  50316   9308 277836    0    0     0     0  288  248 49  0 51  0  0
 0  0      0  50316   9308 277836    0    0     0     0  263  178 17  0 83  0  0
 1  0      0  50316   9308 277836    0    0     0     0  253  135  1  0 99  0  0
 0  0      0  50316   9308 277836    0    0     0     0  256  138  1  1 98  0  0
 0  0      0  50316   9308 277836    0    0     0     0  253  131  2  0 98  0  0
 0  0      0  50316   9308 277836    0    0     0     0  255  137  1  0 99  0  0
 0  0      0  50316   9308 277836    0    0     0     0  252  128  1  0 99  0  0
 0  0      0  50316   9308 277836    0    0     0     0  258  144  2  2 96  0  0
 0  0      0  50316   9308 277836    0    0     0     0  256  130 16  0 84  0  0
 0  0      0  50316   9308 277836    0    0     0     0  260  137  9  0 90  1  0
 0  0      0  50316   9308 277836    0    0     0     0  253  135  1  0 99  0  0
 1  0      0  50316   9308 277836    0    0     0     0  292  299 65  0 35  0  0
 0  0      0  50316   9308 277836    0    0     0     0  253  128  1  1 98  0  0
 0  0      0  50316   9308 277836    0    0     0     0  256  136  1  0 99  0  0
 0  0      0  50316   9308 277836    0    0     0     0  254  130  2  0 98  0  0
 0  0      0  50316   9308 277836    0    0     0     0  255  141  0  0 100  0  0
 0  0      0  50316   9308 277836    0    0     0     0  252  131  2  0 98  0  0
 0  0      0  50316   9308 277836    0    0     0     0  256  138  1  0 99  0  0
procs -----------memory---------- ---swap-- -----io---- -system-- ------cpu-----
 r  b   swpd   free   buff  cache   si   so    bi    bo   in   cs us sy id wa st
 0  0      0  50316   9308 277836    0    0     0     0  259  133 15  0 85  0  0
 0  0      0  50316   9308 277836    0    0     0     0  258  141  9  0 91  0  0
 0  0      0  50316   9308 277836    0    0     0     0  250  134  2  0 98  0  0
 9  0      0  50316   9308 277836    0    0     0     0  279  204 36  0 64  0  0
 0  0      0  50316   9308 277836    0    0     0     0  262  197 33  1 66  0  0
 0  0      0  50316   9308 277836    0    0     0     0  254  136  2  0 98  0  0
 0  0      0  50316   9308 277836    0    0     0     0  252  128  0  0 100  0  0
 0  0      0  50316   9308 277836    0    0     0     0  254  137  2  0 98  0  0
 0  0      0  50316   9308 277836    0    0     0     0  252  131  0  0 100  0  0
 0  0      0  50316   9308 277836    0    0     0     0  255  140  1  0 99  0  0
 0  0      0  50316   9308 277836    0    0     0     0  261  133 13  1 86  0  0
 0  0      0  50316   9308 277836    0    0     0     0  256  137  7  0 93  0  0
 0  0      0  50316   9308 277836    0    0     0     0  252  133  0  0 100  0  0
 0  0      0  50316   9308 277836    0    0     0     0  258  141  9  0 91  0  0
 0  0      0  50316   9308 277836    0    0     0     0  287  271 58  0 42  0  0
 0  0      0  50316   9308 277836    0    0     0     0  254  136  0  0 100  0  0
 0  0      0  50316   9308 277836    0    0     0     0  250  135  2  1 97  0  0
 0  0      0  50316   9308 277836    0    0     0     0  256  142  0  0 100  0  0
 0  0      0  50316   9308 277836    0    0     0     0  252  130  1  1 98  0  0
 0  0      0  50316   9308 277836    0    0     0     0  250  139  2  0 98  0  0
 0  0      0  50316   9308 277836    0    0     0     0  262  131 15  0 85  0  0
procs -----------memory---------- ---swap-- -----io---- -system-- ------cpu-----
 r  b   swpd   free   buff  cache   si   so    bi    bo   in   cs us sy id wa st
 0  0      0  50316   9308 277836    0    0     0     0  637 2359  6  1 92  0  0
 0  0      0  50316   9308 277836    0    0     0     0  369 1955  3  1 96  0  0
 0  0      0  50316   9308 277836    0    0     0     0  690 3035 10  1 89  0  0
 7  0      0  50316   9308 277836    0    0     0     0  468 1638 32  1 67  0  0
 0  0      0  49864   9308 277836    0    0     0     0  273  220 29  0 71  0  0
 0  0      0  49880   9308 277836    0    0     0     0  253  132  1  0 99  0  0
 0  0      0  49880   9308 277836    0    0     0     0  252  132  0  0 100  0  0
 0  0      0  49880   9308 277836    0    0     0     0  254  140  0  0 100  0  0
 0  0      0  49880   9308 277840    0    0     0     0  254  140  1  0 99  0  0
 0  0      0  49880   9308 277840    0    0     0     0  263  142 16  0 84  0  0
 0  0      0  49880   9308 277840    0    0     0     0  256  133 10  1 89  0  0
 0  0      0  49880   9308 277840    0    0     0     0  254  147  1  0 99  0  0
 0  0      0  49880   9308 277840    0    0     0     0  257  138 11  0 89  0  0
 0  0      0  49880   9308 277840    0    0     0     0  258  170  9  0 91  0  0
 0  0      0  49812   9308 277840    0    0     0     0  277  256 52  0 48  0  0
 0  0      0  49816   9308 277840    0    0     0     0  255  137  1  1 98  0  0
 0  0      0  49816   9308 277840    0    0     0     0  252  142  1  0 99  0  0
 0  0      0  49816   9308 277840    0    0     0     0  256  141  1  0 99  0  0
 0  0      0  49816   9308 277840    0    0     0     0  253  136  1  0 99  0  0
 0  0      0  49816   9308 277840    0    0     0     0  263  142 16  1 83  0  0
 1  0      0  49816   9308 277840    0    0     0     0  254  135  8  0 92  0  0
procs -----------memory---------- ---swap-- -----io---- -system-- ------cpu-----
 r  b   swpd   free   buff  cache   si   so    bi    bo   in   cs us sy id wa st
 0  0      0  49816   9308 277840    0    0     0     0  258  142  1  0 99  0  0
 1  0      0  49816   9308 277840    0    0     0     0  255  133  7  0 93  0  0
 0  0      0  49816   9308 277840    0    0     0     0  259  139 11  0 89  0  0
 7  0      0  49816   9308 277840    0    0     0     0  269  199 27  1 72  0  0
 0  0      0  49816   9308 277840    0    0     0     0  267  205 28  0 72  0  0
 0  0      0  49816   9308 277840    0    0     0     0  252  136  1  1 98  0  0
 0  0      0  49816   9308 277840    0    0     0     0  258  142  1  0 99  0  0
 0  0      0  49816   9308 277840    0    0     0     0  255  141  2  0 98  0  0
 0  0      0  49816   9308 277840    0    0     0     0  256  144 16  0 84  0  0
 0  0      0  49816   9308 277840    0    0     0     0  256  131  7  0 93  0  0
 0  0      0  49816   9308 277840    0    0     0     0  255  142  2  0 98  0  0
 0  0      0  49816   9308 277840    0    0     0     0  252  141  0  0 100  0  0
 0  0      0  49816   9308 277840    0    0     0     0  262  141 18  1 81  0  0
 0  0      0  49816   9308 277840    0    0     0     0  252  133  1  0 99  0  0
 0  0      0  49816   9308 277840    0    0     0     0  280  260 52  0 48  0  0
 0  0      0  49816   9308 277840    0    0     0     0  253  136  1  0 99  0  0
 0  0      0  49792   9308 277840    0    0     0     0  332  650  1  1 98  0  0
 0  0      0  49816   9308 277840    0    0     0     0  334  930  4  2 94  0  0
 1  0      0  49816   9308 277840    0    0     0     0  261  135 15  0 85  0  0
 0  0      0  49816   9308 277840    0    0     0     0  259  132  9  0 91  0  0
 0  0      0  49816   9308 277840    0    0     0     0  254  135  1  0 99  0  0
procs -----------memory---------- ---swap-- -----io---- -system-- ------cpu-----
 r  b   swpd   free   buff  cache   si   so    bi    bo   in   cs us sy id wa st
 0  0      0  49816   9308 277840    0    0     0     0  251  128  2  0 98  0  0
 1  0      0  49816   9308 277840    0    0     0     0  258  141 13  2 85  0  0
 0  0      0  49816   9308 277840    0    0     0     0  258  131  3  1 96  0  0
 7  0      0  49816   9308 277840    0    0     0     0  271  218 31  0 69  0  0
 0  0      0  49816   9308 277840    0    0     0     0  264  179 22  0 78  0  0
 0  0      0  49816   9308 277840    0    0     0     0  254  138  0  0 100  0  0
 0  0      0  49816   9308 277840    0    0     0     0  250  139  2  1 97  0  0
 0  0      0  49816   9308 277840    0    0     0     0  260  139  6  0 94  0  0
 0  0      0  49692   9364 278460    0    0   296     0  274  163 16  1 83  0  0
 0  0      0  49692   9364 278460    0    0     0     0  256  135  1  0 99  0  0
 0  0      0  49692   9364 278460    0    0     0     0  253  133  0  0 100  0  0
 0  0      0  49692   9364 278460    0    0     0     0  264  135  6  1 93  0  0
 0  0      0  49692   9364 278464    0    0     0     0  255  132  7  0 93  0  0
 0  0      0  49692   9364 278464    0    0     0     0  254  151  1  0 99  0  0
 0  0      0  49692   9364 278464    0    0     0     0  280  257 52  0 48  0  0
 0  0      0  49692   9364 278464    0    0     0     0  255  132  2  1 97  0  0
 0  0      0  49692   9364 278464    0    0     0     0  253  133  1  0 99  0  0
 0  0      0  49692   9364 278464    0    0     0     0  255  138 11  0 89  0  0
 0  0      0  49692   9364 278464    0    0     0     0  252  139 15  0 85  0  0
 0  0      0  49692   9364 278464    0    0     0     0  254  135  2  0 98  0  0
 1  0      0  49692   9364 278464    0    0     0     0  253  133  1  0 99  0  0
procs -----------memory---------- ---swap-- -----io---- -system-- ------cpu-----
 r  b   swpd   free   buff  cache   si   so    bi    bo   in   cs us sy id wa st
 0  0      0  49692   9364 278464    0    0     0     0  256  135 11  0 89  0  0
 0  0      0  49692   9364 278464    0    0     0     0  257  146  6  0 94  0  0
 0  0      0  49692   9364 278464    0    0     0     0  256  137  1  1 98  0  0
 7  0      0  49692   9364 278464    0    0     0     0  274  221 38  0 62  0  0
 0  0      0  49692   9364 278464    0    0     0     0  267  173 18  0 82  0  0
 0  0      0  49692   9364 278464    0    0     0     0  254  136  1  0 99  0  0
 0  0      0  49692   9364 278464    0    0     0     0  261  140  9  1 90  0  0
 0  0      0  49692   9364 278464    0    0     0     0  258  131 18  0 82  0  0
 0  0      0  49692   9364 278464    0    0     0     0  255  139  1  0 99  0  0
 0  0      0  49692   9364 278464    0    0     0     0  256  135  1  1 98  0  0
 0  0      0  49692   9364 278464    0    0     0     0  259  148  9  0 91  0  0
 0  0      0  49692   9364 278464    0    0     0     0  259  129  9  0 91  0  0
 0  0      0  49692   9364 278464    0    0     0     0  255  138  1  0 99  0  0
 1  0      0  49692   9364 278464    0    0     0     0  253  133  2  0 98  0  0
 0  0      0  49692   9364 278464    0    0     0     0  291  256 52  1 47  0  0
 0  0      0  49692   9364 278464    0    0     0     0  255  131  1  0 99  0  0
 0  0      0  49692   9364 278464    0    0     0     0  258  137  8  0 92  0  0
 0  0      0  49692   9364 278464    0    0     0     0  259  136 16  0 84  0  0
 0  0      0  49692   9364 278464    0    0     0     0  622 2229  1  1 98  0  0
 0  0      0  49692   9364 278464    0    0     0     0  338 2014  6  1 93  0  0
 0  0      0  48080   9364 278464    0    0     0     0  301 1258 10  1 89  0  0
procs -----------memory---------- ---swap-- -----io---- -system-- ------cpu-----
 r  b   swpd   free   buff  cache   si   so    bi    bo   in   cs us sy id wa st
 0  0      0  48080   9364 278464    0    0     0     0  254  140  7  0 93  0  0
 0  0      0  48080   9364 278464    0    0     0     0  254  147  0  1 99  0  0
 0  0      0  48080   9364 278464    0    0     0     0  252  137  0  0 100  0  0
 6  0      0  48080   9364 278464    0    0     0     0  278  241 47  1 52  0  0
 0  0      0  48080   9364 278464    0    0     0     0  257  170 12  0 88  0  0
 1  0      0  48080   9364 278464    0    0     0     0  255  147  5  0 95  0  0
 1  0      0  48080   9364 278464    0    0     0     0  261  141 19  1 80  0  0
 0  0      0  48080   9364 278464    0    0     0     0  256  145  5  0 95  0  0
 0  0      0  48080   9364 278464    0    0     0     0  252  142  0  0 100  0  0
 0  0      0  48080   9364 278464    0    0     0     0  259  145  9  0 91  0  0
 0  0      0  48080   9364 278464    0    0     0     0  258  138  7  1 92  0  0
 0  0      0  48080   9364 278464    0    0     0     0  254  146  1  0 99  0  0
 0  0      0  48080   9364 278464    0    0     0     0  252  142  2  0 98  0  0
 0  0      0  48080   9364 278464    0    0     0     0  259  143 11  1 88  0  0
 0  0      0  48080   9364 278464    0    0     0     0  274  244 43  0 57  0  0
 0  0      0  48080   9364 278464    0    0     0     0  254  143  0  0 100  0  0
 0  0      0  48080   9364 278464    0    0     0     0  261  143 13  0 87  0  0
 0  0      0  48080   9364 278468    0    0     0     0  260  144  9  0 91  0  0
 0  0      0  48080   9364 278468    0    0     0     0  251  141  1  0 99  0  0
 0  0      0  48080   9364 278468    0    0     0     0  258  144  6  1 93  0  0
 0  0      0  48080   9364 278468    0    0     0     0  259  139  8  0 92  0  0
procs -----------memory---------- ---swap-- -----io---- -system-- ------cpu-----
 r  b   swpd   free   buff  cache   si   so    bi    bo   in   cs us sy id wa st
 0  0      0  48080   9364 278468    0    0     0     0  256  144  1  0 99  0  0
 2  0      0  48080   9364 278468    0    0     0     0  252  140  0  1 99  0  0
 0  0      0  48080   9364 278468    0    0     0     0  258  149  7  0 93  0  0
 0  0      0  48080   9364 278468    0    0     0     0  279  250 45  0 55  0  0
 0  0      0  48080   9364 278468    0    0     0     0  255  138  1  1 98  0  0
 0  0      0  48080   9364 278468    0    0     0     0  260  140 18  0 82  0  0
 0  0      0  48080   9364 278468    0    0     0     0  260  140  8  1 91  0  0
 0  0      0  48080   9364 278468    0    0     0     0  252  143  1  0 99  0  0
 0  0      0  48080   9364 278468    0    0     0     0  257  142  8  1 91  0  0
 0  0      0  48080   9364 278468    0    0     0     0  255  138  7  0 93  0  0
 0  0      0  48080   9364 278468    0    0     0     0  255  153  1  0 99  0  0
 0  0      0  48080   9364 278468    0    0     0     0  250  143  0  1 99  0  0
 1  0      0  48080   9364 278468    0    0     0     0  260  148  4  0 96  0  0
 6  0      0  48080   9364 278468    0    0     0     0  262  161 14  1 85  0  0
 0  0      0  48080   9364 278468    0    0     0     0  269  230 38  0 63  0  0
 0  0      0  48080   9364 278468    0    0     0     0  262  142 15  0 85  0  0
 0  0      0  48080   9364 278468    0    0     0     0  257  147  8  0 92  0  0
 0  0      0  48080   9364 278468    0    0     0     0  252  138  0  0 100  0  0
 0  0      0  48080   9364 278468    0    0     0     0  258  151  8  0 92  0  0
 0  0      0  48080   9364 278468    0    0     0     0  257  141  6  1 93  0  0
 0  0      0  48080   9364 278468    0    0     0     0  254  143  0  0 100  0  0
procs -----------memory---------- ---swap-- -----io---- -system-- ------cpu-----
 r  b   swpd   free   buff  cache   si   so    bi    bo   in   cs us sy id wa st
 0  0      0  48080   9364 278468    0    0     0     0  252  137  1  0 99  0  0
 0  0      0  48080   9364 278468    0    0     0     0  254  147  0  0 100  0  0
 0  0      0  48080   9364 278468    0    0     0     0  255  140  7  1 92  0  0
 0  0      0  48080   9364 278468    0    0     0     0  280  251 44  0 56  0  0
 0  0      0  48080   9364 278468    0    0     0     0  258  138 16  0 84  0  0
 0  0      0  48080   9364 278468    0    0     0     0  257  148  8  1 91  0  0
 0  0      0  48080   9364 278468    0    0     0     0  252  140  1  0 99  0  0
 0  0      0  48080   9364 278468    0    0     0     0  259  182  6  0 94  0  0
 0  0      0  48080   9364 278468    0    0     0     0  259  135  7  0 93  0  0
 0  0      0  48080   9364 278468    0    0     0     0  256  145  0  0 100  0  0
 0  0      0  48080   9364 278468    0    0     0     0  253  141  0  1 99  0  0
 0  0      0  48080   9364 278468    0    0     0     0  254  150  1  0 99  0  0
 0  0      0  48080   9364 278468    0    0     0     0  255  140 11  1 88  0  0
 6  0      0  48080   9364 278468    0    0     0     0  264  206 26  0 74  0  0
 0  0      0  48080   9364 278468    0    0     0     0  267  180 31  0 69  0  0
 0  0      0  48080   9364 278468    0    0     0     0  260  145 10  0 90  0  0
 0  0      0  48080   9364 278468    0    0     0     0  254  139  2  0 98  0  0
 0  0      0  48080   9364 278468    0    0     0     0  260  147 11  0 89  0  0
 0  0      0  48080   9364 278468    0    0     0     0  256  140  8  0 92  0  0
 0  0      0  48080   9364 278468    0    0     0     0  253  137  1  1 98  0  0
 0  0      0  48080   9364 278468    0    0     0     0  253  150  1  1 98  0  0
procs -----------memory---------- ---swap-- -----io---- -system-- ------cpu-----
 r  b   swpd   free   buff  cache   si   so    bi    bo   in   cs us sy id wa st
 0  0      0  48080   9364 278472    0    0     0     0  253  143  1  0 99  0  0
 0  0      0  48080   9364 278472    0    0     0     0  257  150  6  0 94  0  0
 0  0      0  48080   9364 278472    0    0     0     0  255  141  2  0 98  0  0
 0  0      0  48080   9364 278472    0    0     0     0  288  264 58  0 42  0  0
 0  0      0  48080   9364 278472    0    0     0     0  257  135  9  1 89  0  0
 0  0      0  48080   9364 278472    0    0     0     0  257  149  1  0 99  0  0
 0  0      0  48080   9364 278472    0    0     0     0  256  139  9  0 91  0  0
 0  0      0  48080   9364 278472    0    0     0     0  259  145  7  0 93  0  0
 0  0      0  48080   9364 278472    0    0     0     0  252  134  0  0 100  0  0
 0  0      0  48080   9364 278472    0    0     0     0  254  148  0  1 99  0  0
 1  0      0  48080   9364 278472    0    0     0     0  255  136  1  0 99  0  0
 0  0      0  48080   9364 278472    0    0     0     0  261  149  9  0 91  0  0
 0  0      0  48080   9364 278472    0    0     0     0  252  140  2  0 98  0  0
 8  0      0  48080   9364 278472    0    0     0     0  279  257 47  0 53  0  0
 0  0      0  48080   9364 278472    0    0     0     0  259  171 19  0 81  0  0
 0  0      0  48080   9364 278472    0    0     0     0  254  150  2  1 96  1  0
 0  0      0  48080   9364 278472    0    0     0     0  257  141  7  0 93  0  0
 0  0      0  48080   9364 278472    0    0     0     0  257  148  7  0 93  0  0
 0  0      0  48080   9364 278472    0    0     0     0  254  136  2  0 98  0  0
 0  0      0  48080   9364 278472    0    0     0     0  255  146  1  0 99  0  0
 0  0      0  48080   9364 278472    0    0     0     0  256  141  1  1 98  0  0
procs -----------memory---------- ---swap-- -----io---- -system-- ------cpu-----
 r  b   swpd   free   buff  cache   si   so    bi    bo   in   cs us sy id wa st
 0  0      0  48080   9364 278472    0    0     0     0  258  151 11  0 89  0  0
 0  0      0  48080   9364 278472    0    0     0     0  253  139  1  1 98  0  0
 0  0      0  48080   9364 278472    0    0     0     0  255  144  2  0 98  0  0
 0  0      0  48080   9364 278472    0    0     0     0  289  281 66  0 34  0  0
 0  0      0  48080   9364 278472    0    0     0     0  255  143  2  0 98  0  0
 0  0      0  48080   9364 278472    0    0     0     0  257  143  7  0 93  0  0
 0  0      0  48080   9364 278472    0    0     0     0  261  144  7  1 92  0  0
 0  0      0  48080   9364 278472    0    0     0     0  253  146  0  0 100  0  0
 0  0      0  48080   9364 278472    0    0     0     0  254  145  1  0 99  0  0
 0  0      0  48080   9364 278472    0    0     0     0  245  139  2  0 98  0  0
 0  0      0  48080   9364 278472    0    0     0     0  260  146  6  0 94  0  0
 0  0      0  48080   9364 278472    0    0     0     0  252  140  2  0 98  0  0
 0  0      0  48080   9364 278472    0    0     0     0  254  146  1  0 99  0  0
 8  0      0  48080   9364 278472    0    0     0     0  290  244 50  1 49  0  0
 0  0      0  48080   9364 278472    0    0     0     0  262  185 18  1 81  0  0
 1  0      0  48080   9364 278472    0    0     0     0  257  140  6  0 94  0  0
 0  0      0  48080   9364 278472    0    0     0     0  256  150 11  0 89  0  0
 0  0      0  48080   9364 278472    0    0     0     0  252  139  2  0 98  0  0
 0  0      0  48080   9364 278472    0    0     0     0  256  146  1  0 99  0  0
 0  0      0  48080   9364 278472    0    0     0     0  248  141  1  1 98  0  0
 0  0      0  48080   9364 278472    0    0     0     0  257  152 10  1 89  0  0
procs -----------memory---------- ---swap-- -----io---- -system-- ------cpu-----
 r  b   swpd   free   buff  cache   si   so    bi    bo   in   cs us sy id wa st
 0  0      0  48080   9364 278472    0    0     0     0  255  136  2  0 98  0  0
 0  0      0  48080   9364 278472    0    0     0     0  255  144  0  1 99  0  0
 0  0      0  48080   9364 278472    0    0     0     0  255  144  7  0 93  0  0
 0  0      0  47956   9364 278476    0    0     0     0  286  300 63  0 38  0  0
 0  0      0  47956   9364 278476    0    0     0     0  253  154  0  0 100  0  0
 0  0      0  47956   9364 278476    0    0     0     0  261  148 14  1 85  0  0
 0  0      0  47956   9364 278476    0    0     0     0  252  138  1  0 99  0  0
 0  0      0  47956   9364 278476    0    0     0     0  254  146  2  0 98  0  0
 0  0      0  47956   9364 278476    0    0     0     0  252  143  1  0 99  0  0
 0  0      0  47956   9364 278476    0    0     0     0  258  147  9  1 90  0  0
 0  0      0  47956   9364 278476    0    0     0     0  253  139  1  0 99  0  0
 0  0      0  47956   9364 278476    0    0     0     0  254  146  1  1 98  0  0
 0  0      0  47956   9364 278476    0    0     0     0  256  138  7  0 93  0  0
 8  0      0  47956   9364 278476    0    0     0     0  270  215 30  1 69  0  0
 0  0      0  47956   9364 278476    0    0     0     0  276  213 30  1 69  0  0
 0  0      0  47956   9364 278476    0    0     0     0  262  143 18  0 82  0  0
 0  0      0  47956   9364 278476    0    0     0     0  253  145  1  0 99  0  0
 0  0      0  47956   9364 278476    0    0     0     0  254  142  0  1 99  0  0
 0  0      0  47956   9364 278476    0    0     0     0  254  143  2  0 98  0  0
 0  0      0  47956   9364 278476    0    0     0     0  257  149  6  0 94  0  0
 0  0      0  47956   9364 278476    0    0     0     0  252  141  2  0 98  0  0
procs -----------memory---------- ---swap-- -----io---- -system-- ------cpu-----
 r  b   swpd   free   buff  cache   si   so    bi    bo   in   cs us sy id wa st
 0  0      0  47956   9364 278476    0    0     0     0  255  144  2  0 98  0  0
 0  0      0  47956   9364 278476    0    0     0     0  258  143  7  1 91  0  0
 0  0      0  47956   9364 278476    0    0     0     0  255  145  1  0 99  0  0
 0  0      0  47956   9364 278476    0    0     0     0  279  285 61  0 39  0  0
 1  0      0  47956   9364 278476    0    0     0     0  262  145 11  0 89  0  0
 0  0      0  47956   9364 278476    0    0     0     0  256  139  7  1 92  0  0
 1  0      0  47956   9364 278476    0    0     0     0  255  146  1  0 99  0  0
 0  0      0  47956   9364 278476    0    0     0     0  252  138  1  1 98  0  0
 0  0      0  47956   9364 278476    0    0     0     0  257  147  8  0 92  0  0
 0  0      0  47956   9364 278476    0    0     0     0  253  138  1  0 99  0  0
 0  0      0  47956   9364 278476    0    0     0     0  255  147  1  0 99  0  0
 0  0      0  47956   9364 278476    0    0     0     0  255  145  8  0 92  0  0
 0  0      0  47956   9364 278476    0    0     0     0  255  144  0  1 99  0  0
 8  0      0  47956   9364 278476    0    0     0     0  264  186 21  0 79  0  0
 0  0      0  47956   9364 278476    0    0     0     0  278  251 46  0 54  0  0
 0  0      0  47956   9364 278476    0    0     0     0  256  136  9  0 91  0  0
 0  0      0  47956   9364 278476    0    0     0     0  255  145  2  0 98  0  0
 0  0      0  47956   9364 278476    0    0     0     0  255  142  0  1 99  0  0
 0  0      0  47956   9364 278476    0    0     0     0  256  152  7  0 93  0  0
 0  0      0  47956   9364 278476    0    0     0     0  254  135  2  1 97  0  0
 0  0      0  47956   9364 278476    0    0     0     0  255  144  0  0 100  0  0
procs -----------memory---------- ---swap-- -----io---- -system-- ------cpu-----
 r  b   swpd   free   buff  cache   si   so    bi    bo   in   cs us sy id wa st
 0  0      0  47956   9364 278476    0    0     0     0  255  145  8  0 92  0  0
 0  0      0  47956   9364 278476    0    0     0     0  250  141  1  1 98  0  0
 0  0      0  47956   9364 278476    0    0     0     0  252  142  0  0 100  0  0
 0  0      0  47956   9364 278476    0    0     0     0  293  287 63  0 37  0  0
 0  0      0  47956   9364 278476    0    0     0     0  257  142  7  0 93  0  0
 0  0      0  47956   9364 278476    0    0     0     0  255  143  0  0 100  0  0
 0  0      0  47956   9364 278476    0    0     0     0  252  140  1  0 99  0  0
 0  0      0  47956   9364 278480    0    0     0     0  259  147  9  0 91  0  0
 0  0      0  47956   9364 278480    0    0     0     0  253  138  1  1 98  0  0
 0  0      0  47956   9364 278480    0    0     0     0  253  151  2  0 98  0  0
 0  0      0  47956   9364 278480    0    0     0     0  256  142  7  0 93  0  0
 0  0      0  47956   9364 278480    0    0     0     0  254  141  1  1 98  0  0
 0  0      0  47956   9364 278480    0    0     0     0  254  140  1  0 99  0  0
 8  0      0  47956   9364 278480    0    0     0     0  274  171 19  0 81  0  0
 0  0      0  47956   9364 278480    0    0     0     0  277  263 54  0 46  0  0
 0  0      0  47956   9364 278480    0    0     0     0  254  140  0  0 100  0  0
 0  0      0  47956   9364 278480    0    0     0     0  256  138  2  1 97  0  0
 0  0      0  47956   9364 278480    0    0     0     0  259  152  7  0 93  0  0
 0  0      0  47956   9364 278480    0    0     0     0  253  136  2  0 98  0  0
 0  0      0  47956   9364 278480    0    0     0     0  256  145  2  0 98  0  0
 0  0      0  47956   9364 278480    0    0     0     0  258  144  9  0 91  0  0
procs -----------memory---------- ---swap-- -----io---- -system-- ------cpu-----
 r  b   swpd   free   buff  cache   si   so    bi    bo   in   cs us sy id wa st
 0  0      0  47956   9364 278480    0    0     0     0  254  144  2  0 98  0  0
 0  0      0  47956   9364 278480    0    0     0     0  253  174  1  0 99  0  0
 0  0      0  47956   9364 278480    0    0     0     0  257  148 10  0 90  0  0
 7  0      0  47956   9364 278480    0    0     0     0  289  272 61  0 39  0  0
 0  0      0  47956   9364 278480    0    0     0     0  255  151  5  1 94  0  0
 0  0      0  47956   9364 278480    0    0     0     0  253  137  2  0 98  0  0
 0  0      0  47956   9364 278480    0    0     0     0  257  150  7  0 93  0  0
 0  0      0  47956   9364 278480    0    0     0     0  252  137  2  0 98  0  0
 0  0      0  47956   9364 278480    0    0     0     0  254  147  2  1 97  0  0
 0  0      0  47956   9364 278480    0    0     0     0  256  144  7  0 93  0  0
 0  0      0  47956   9364 278480    0    0     0     0  255  144  0  1 99  0  0
 0  0      0  47956   9364 278480    0    0     0     0  251  140  1  0 99  0  0
 0  0      0  47956   9364 278480    0    0     0     0  257  147  6  0 94  0  0
 1  0      0  47956   9364 278480    0    0     0     0  261  140  7  0 93  0  0
 0  0      0  47956   9364 278480    0    0     0     0  289  283 59  0 41  0  0
 0  0      0  47956   9364 278480    0    0     0     0  246  137  2  0 98  0  0
 1  0      0  47956   9364 278480    0    0     0     0  260  150  6  1 93  0  0
 0  0      0  47956   9364 278480    0    0     0     0  254  135  2  0 98  0  0
 0  0      0  47956   9364 278480    0    0     0     0  254  144  1  0 99  0  0
 0  0      0  47956   9364 278480    0    0     0     0  254  145  7  0 93  0  0
 0  0      0  47956   9364 278480    0    0     0     0  254  141  0  0 100  0  0
procs -----------memory---------- ---swap-- -----io---- -system-- ------cpu-----
 r  b   swpd   free   buff  cache   si   so    bi    bo   in   cs us sy id wa st
 0  0      0  47956   9364 278480    0    0     0     0  252  141  0  0 100  0  0
 0  0      0  47956   9364 278480    0    0     0     0  255  150  9  1 89  0  0
 0  0      0  47956   9364 278480    0    0     0     0  257  140  9  0 91  0  0
 8  0      0  47956   9364 278480    0    0     0     0  292  250 47  0 53  0  0
 0  0      0  47956   9364 278480    0    0     0     0  259  169 15  0 85  0  0
 0  0      0  47956   9364 278480    0    0     0     0  255  145  1  0 99  0  0
 0  0      0  47956   9364 278480    0    0     0     0  258  138  7  0 93  0  0
 0  0      0  47380   9364 278480    0    0     0     0  252  144  1  0 99  0  0
 1  0      0  47388   9364 278480    0    0     0     0  255  139  4  0 96  0  0
 0  0      0  47388   9364 278480    0    0     0     0  253  140  5  0 95  0  0
 0  0      0  47388   9364 278480    0    0     0     0  258  145  2  0 98  0  0
 0  0      0  47388   9364 278480    0    0     0     0  253  142 10  0 90  0  0
 0  0      0  47388   9364 278484    0    0     0     0  258  143  8  1 91  0  0
 0  0      0  47388   9364 278484    0    0     0     0  252  139  2  0 98  0  0
 0  0      0  47388   9364 278484    0    0     0     0  279  286 58  0 42  0  0
 0  0      0  47388   9364 278484    0    0     0     0  252  140  2  0 98  0  0
 0  0      0  47388   9364 278484    0    0     0     0  259  141 10  0 90  0  0
 0  0      0  47388   9364 278484    0    0     0     0  252  140  1  0 99  0  0
 0  0      0  55660   8536 271120    0    0     0     0  255  170  2  3 95  0  0
 0  0      0  55660   8536 271120    0    0     0     0  259  138 11  0 89  0  0
 0  0      0  55660   8536 271120    0    0     0     0  254  144  1  0 99  0  0
procs -----------memory---------- ---swap-- -----io---- -system-- ------cpu-----
 r  b   swpd   free   buff  cache   si   so    bi    bo   in   cs us sy id wa st
 0  0      0  55660   8536 271120    0    0     0     0  257  138  9  0 91  0  0
 0  0      0  55660   8536 271120    0    0     0     0  259  157  8  0 92  0  0
 0  0      0  55660   8536 271120    0    0     0     0  253  136  0  0 100  0  0
 8  0      0  55660   8536 271120    0    0     0     0  281  240 43  1 56  0  0
 0  0      0  55660   8536 271120    0    0     0     0  265  176 19  1 80  0  0
 0  0      0  55660   8536 271120    0    0     0     0  265  146 10  0 90  0  0
 0  0      0  55660   8536 271120    0    0     0     0  252  135  1  0 99  0  0
 0  0      0  55684   8536 271036    0    0     0     0  254  149  2  2 96  0  0
 1  0      0  55684   8536 271036    0    0     0     0  256  137  8  0 92  0  0
 0  0      0  55684   8536 271036    0    0     0     0  256  150  1  1 98  0  0
 0  0      0  55684   8536 271036    0    0     0     0  253  144  8  1 91  0  0
 0  0      0  55684   8536 271036    0    0     0     0  255  144  6  1 93  0  0
 0  0      0  55684   8536 271036    0    0     0     0  254  134  1  0 99  0  0
 1  0      0  55684   8536 271036    0    0     0     0  255  147  1  0 99  0  0
 0  0      0  55684   8536 271036    0    0     0     0  287  256 57  0 43  0  0
 0  0      0  55684   8536 271036    0    0     0     0  257  142  9  0 91  0  0
 0  0      0  55684   8536 271036    0    0     0     0  253  139  0  0 100  0  0
 0  0      0  56020   8536 270748    0    0     0     0  256  159  1  2 97  0  0
 0  0      0  56060   8536 270720    0    0     0     0  257  140  8  0 92  0  0
 0  0      0  56060   8536 270720    0    0     0     0  254  182  1  0 99  0  0
 0  0      0  56060   8536 270720    0    0     0     0  259  142  8  0 92  0  0
procs -----------memory---------- ---swap-- -----io---- -system-- ------cpu-----
 r  b   swpd   free   buff  cache   si   so    bi    bo   in   cs us sy id wa st
 0  0      0  56060   8536 270720    0    0     0     0  256  146 11  0 89  0  0
 0  0      0  56060   8536 270720    0    0     0     0  255  140  0  0 100  0  0
 0  0      0  56060   8536 270720    0    0     0     0  254  144  1  0 99  0  0
 5  0      0  56060   8536 270720    0    0     0     0  282  248 56  0 44  0  0
 0  0      0  56060   8536 270720    0    0     0     0  260  152  9  0 91  0  0
 0  0      0  56060   8536 270720    0    0     0     0  252  138  0  0 100  0  0
 0  0      0  60784   8056 267132    0    0     0     0  255  162  1  2 97  0  0
 0  0      0  60788   8056 267104    0    0     0     0  257  139  7  0 93  0  0
 0  0      0  60664   8056 267104    0    0     0     0  254  146  1  0 99  0  0
 1  0      0  60664   8056 267104    0    0     0     0  255  138  5  1 94  0  0
 0  0      0  60664   8056 267104    0    0     0     0  260  145  9  0 91  0  0
 0  0      0  60664   8056 267104    0    0     0     0  252  135  1  0 99  0  0
 0  0      0  60664   8056 267104    0    0     0     0  252  147  0  1 99  0  0
 6  0      0  60664   8056 267104    0    0     0     0  268  150 16  0 84  0  0
 0  0      0  60664   8056 267104    0    0     0     0  282  246 48  0 52  0  0
 0  0      0  60664   8056 267104    0    0     0     0  252  136  0  0 100  0  0
 0  0      0  60664   8056 267108    0    0     0     0  254  146  0  0 100  0  0
 0  0      0  60664   8056 267108    0    0     0     0  256  138  8  1 91  0  0
 0  0      0  60664   8056 267108    0    0     0     0  254  143  0  0 100  0  0
 0  0      0  60664   8056 267108    0    0     0     0  251  140  0  1 99  0  0
 0  0      0  60664   8056 267108    0    0     0     0  262  146 16  0 84  0  0
procs -----------memory---------- ---swap-- -----io---- -system-- ------cpu-----
 r  b   swpd   free   buff  cache   si   so    bi    bo   in   cs us sy id wa st
 0  0      0  60664   8056 267108    0    0     0     0  252  138  1  0 99  0  0
 0  0      0  60664   8056 267108    0    0     0     0  254  144  0  0 100  0  0
 0  0      0  60664   8056 267108    0    0     0     0  262  140 15  0 85  0  0
 1  0      0  60664   8056 267108    0    0     0     0  287  264 49  0 51  0  0
 0  0      0  60664   8056 267108    0    0     0     0  252  136  0  1 99  0  0
 0  0      0  60664   8056 267108    0    0     0     0  253  148  1  0 99  0  0
 0  0      0  60664   8056 267108    0    0     0     0  257  138  9  0 91  0  0
 0  0      0  60664   8056 267108    0    0     0     0  255  144  0  0 100  0  0
 0  0      0  60664   8056 267108    0    0     0     0  252  138  0  0 100  0  0
 0  0      0  60664   8056 267108    0    0     0     0  260  147 14  0 86  0  0
 0  0      0  60664   8056 267108    0    0     0     0  252  135  1  1 98  0  0
 0  0      0  58184   8408 269120    0    0  1323     0  280  268  1  2 97  0  0
 0  0      0  57812   8468 269424    0    0   307     0  267  171 16  2 82  0  0
 7  0      0  57812   8468 269412    0    0     0     0  267  187 17  1 82  0  0
 0  0      0  57812   8468 269412    0    0     0     0  269  220 33  1 66  0  0
 0  0      0  57812   8468 269412    0    0     0     0  254  148  1  0 99  0  0
 0  0      0  57812   8468 269412    0    0     0     0  256  144  9  0 91  0  0
 0  0      0  57812   8468 269412    0    0     0     0  255  143  1  0 99  0  0
 1  0      0  57812   8468 269412    0    0     0     0  254  139  0  0 100  0  0
 1  0      0  57812   8468 269412    0    0     0     0  265  146 15  0 85  0  0
 0  0      0  57812   8468 269412    0    0     0     0  253  138  0  0 100  0  0
procs -----------memory---------- ---swap-- -----io---- -system-- ------cpu-----
 r  b   swpd   free   buff  cache   si   so    bi    bo   in   cs us sy id wa st
 0  0      0  57812   8468 269412    0    0     0     0  254  145  0  1 99  0  0
 1  0      0  57812   8468 269412    0    0     0     0  260  145 11  0 89  0  0
 0  0      0  57812   8468 269412    0    0     0     0  256  145  4  0 96  0  0
 0  0      0  57812   8468 269412    0    0     0     0  278  262 51  0 49  0  0
 0  0      0  57812   8468 269412    0    0     0     0  254  140  0  0 100  0  0
 0  0      0  57812   8468 269412    0    0     0     0  256  144  8  0 92  0  0
 0  0      0  57812   8468 269412    0    0     0     0  252  148  0  0 100  0  0
 0  0      0  57812   8468 269412    0    0     0     0  252  145  1  0 99  0  0
 1  0      0  57812   8468 269412    0    0     0     0  261  140  7  1 92  0  0
 0  0      0  57812   8468 269412    0    0     0     0  253  138  6  0 94  0  0
 0  0      0  57812   8468 269412    0    0     0     0  255  145  1  0 99  0  0
 0  0      0  57812   8468 269412    0    0     0     0  258  139  7  0 93  0  0
 0  0      0  57812   8468 269412    0    0     0     0  253  147  9  1 90  0  0
 7  0      0  57812   8468 269412    0    0     0     0  269  199 26  0 74  0  0
 0  0      0  57812   8468 269412    0    0     0     0  265  202 24  0 76  0  0
 0  0      0  57812   8468 269412    0    0     0     0  254  141  8  0 92  0  0
 0  0      0  57812   8468 269412    0    0     0     0  254  166  1  0 99  0  0
 0  0      0  57812   8468 269412    0    0     0     0  253  140  1  0 99  0  0
 0  0      0  57812   8468 269412    0    0     0     0  258  163  6  0 93  1  0
 0  0      0  57812   8468 269412    0    0     0     0  255  139  8  0 92  0  0
 0  0      0  57812   8468 269412    0    0     0     0  253  142  0  1 99  0  0
procs -----------memory---------- ---swap-- -----io---- -system-- ------cpu-----
 r  b   swpd   free   buff  cache   si   so    bi    bo   in   cs us sy id wa st
 0  0      0  57812   8468 269416    0    0     0     0  257  143  7  0 93  0  0
 0  0      0  57812   8468 269416    0    0     0     0  257  145  7  0 93  0  0
 0  0      0  57812   8468 269416    0    0     0     0  253  141  0  0 100  0  0
 1  0      0  57688   8504 269548    0    0   150     0  286  272 49  0 51  0  0
 0  0      0  57688   8504 269548    0    0     0     0  256  135  6  0 94  0  0
 0  0      0  57688   8504 269548    0    0     0     0  254  145  0  0 100  0  0
 0  0      0  57688   8504 269548    0    0     0     0  252  140  1  0 99  0  0
 0  0      0  57688   8504 269548    0    0     0     0  258  149  9  0 91  0  0
 0  0      0  57688   8504 269548    0    0     0     0  256  136  9  0 91  0  0
 0  0      0  57688   8504 269548    0    0     0     0  254  146  0  1 99  0  0
 0  0      0  57688   8504 269548    0    0     0     0  255  144  6  0 94  0  0
 0  0      0  57688   8504 269548    0    0     0     0  258  144  9  0 91  0  0
 0  0      0  57688   8504 269548    0    0     0     0  252  136  0  0 100  0  0
 0  0      0  57688   8504 269548    0    0     0     0  276  253 49  1 50  0  0
 0  0      0  57688   8504 269548    0    0     0     0  255  138  6  0 94  0  0
 0  0      0  57688   8504 269548    0    0     0     0  252  143  1  0 99  0  0
 0  0      0  57688   8504 269548    0    0     0     0  251  136  0  0 100  0  0
 0  0      0  57688   8504 269548    0    0     0     0  258  149  6  0 94  0  0
 0  0      0  57688   8504 269548    0    0     0     0  252  140 10  1 89  0  0
 0  0      0  57688   8504 269548    0    0     0     0  256  146  0  0 100  0  0
 0  0      0  57688   8504 269548    0    0     0     0  256  143  8  0 92  0  0
procs -----------memory---------- ---swap-- -----io---- -system-- ------cpu-----
 r  b   swpd   free   buff  cache   si   so    bi    bo   in   cs us sy id wa st
 0  0      0  57688   8504 269548    0    0     0     0  259  143  7  1 92  0  0
 0  0      0  57688   8504 269548    0    0     0     0  252  140  0  0 100  0  0
 6  0      0  57688   8504 269548    0    0     0     0  264  157 15  0 85  0  0
 0  0      0  57688   8504 269548    0    0     0     0  271  225 41  0 59  0  0
 0  0      0  57688   8504 269548    0    0     0     0  256  147  1  0 99  0  0
 0  0      0  57688   8504 269548    0    0     0     0  252  139  1  0 99  0  0
 0  0      0  57688   8504 269548    0    0     0     0  264  147  9  0 91  0  0
 0  0      0  57688   8504 269548    0    0     0     0  256  138  6  0 94  0  0
 0  0      0  57688   8504 269548    0    0     0     0  257  143  1  0 99  0  0
 0  0      0  57688   8504 269548    0    0     0     0  257  144  8  0 92  0  0
 0  0      0  57688   8504 269548    0    0     0     0  257  148  9  1 90  0  0
 0  0      0  57688   8504 269548    0    0     0     0  252  137  0  0 100  0  0
 0  0      0  57688   8504 269548    0    0     0     0  258  146  9  0 91  0  0
 0  0      0  57688   8504 269548    0    0     0     0  284  228 50  0 50  0  0
 0  0      0  57688   8504 269548    0    0     0     0  256  144  1  0 99  0  0
 0  0      0  57688   8504 269548    0    0     0     0  254  144  0  0 100  0  0
 0  0      0  57688   8504 269548    0    0     0     0  258  152  8  0 92  0  0
 0  0      0  57688   8504 269548    0    0     0     0  255  137  6  0 94  0  0
 0  0      0  57688   8504 269548    0    0     0     0  254  142  1  0 99  0  0
 0  0      0  65204   8536 269672    0    0    33     0  255  165  0  2 98  0  0
 0  0      0  73092   8536 269684    0    0     0     0  254  152  1  1 98  0  0
procs -----------memory---------- ---swap-- -----io---- -system-- ------cpu-----
 r  b   swpd   free   buff  cache   si   so    bi    bo   in   cs us sy id wa st
 0  0      0  73092   8536 269684    0    0     0     0  254  144  0  0 100  0  0
 0  0      0  80980   8536 269688    0    0     0     0  253  158  1  0 99  0  0
 0  0      0 112932   8536 269692    0    0     0     0  267  215 23  0 77  0  0
 0  0      0 112944   8536 269708    0    0     0     0  250  139  1  1 98  0  0
 0  0      0 112944   8536 269708    0    0     0     0  255  153  1  0 99  0  0
 0  0      0 120968   8536 269712    0    0     0     0  253  153  0  1 99  0  0
 0  0      0 128856   8536 269716    0    0     0     0  255  158  2  0 98  0  0
 0  0      0 128856   8536 269716    0    0     0     0  252  141  0  0 100  0  0
 0  0      0 128856   8536 269716    0    0     0     0  256  144  1  1 98  0  0
 0  0      0 128856   8536 269716    0    0     0     0  251  139  1  0 99  0  0
 0  0      0 128856   8536 269716    0    0     0     0  256  143  0  0 100  0  0
 0  0      0 128856   8536 269716    0    0     0     0  253  143  2  0 98  0  0
 0  0      0 152848   8536 269720    0    0     0     0  256  178  1  0 99  0  0
 0  0      0 152864   8536 269728    0    0     0     0  253  181  1  0 99  0  0
 0  0      0 152924   8536 269728    0    0     0     0  254  149  2  0 98  0  0
 0  0      0 152924   8536 269728    0    0     0     0  253  133  0  1 99  0  0
 0  0      0 152924   8536 269728    0    0     0     0  253  146  1  0 99  0  0
 0  0      0 152924   8536 269728    0    0     0     0  252  139  1  1 98  0  0
 0  0      0 152924   8536 269728    0    0     0     0  256  146  1  0 99  0  0
 0  0      0 152924   8536 269728    0    0     0     0  252  142  1  0 99  0  0
 0  0      0 152924   8536 269728    0    0     0     0  254  146  0  0 100  0  0
procs -----------memory---------- ---swap-- -----io---- -system-- ------cpu-----
 r  b   swpd   free   buff  cache   si   so    bi    bo   in   cs us sy id wa st
 0  0      0 152924   8536 269728    0    0     0     0  254  138  2  0 98  0  0
 0  0      0 152924   8536 269728    0    0     0     0  254  145  2  0 98  0  0
 0  0      0 152924   8536 269728    0    0     0     0  252  140  2  0 98  0  0
 0  0      0 152924   8536 269728    0    0     0     0  252  149  0  0 100  0  0
 0  0      0 152924   8536 269728    0    0     0     0  253  133  0  0 100  0  0
 0  0      0 152924   8536 269728    0    0     0     0  254  145  0  1 99  0  0
 0  0      0 152924   8536 269728    0    0     0     0  252  139  1  0 99  0  0
 0  0      0 152924   8536 269728    0    0     0     0  256  148  1  0 99  0  0
 0  0      0 152924   8536 269728    0    0     0     0  252  137  0  1 99  0  0
 0  0      0 152924   8536 269728    0    0     0     0  254  145  1  0 99  0  0
 0  0      0 152924   8536 269728    0    0     0     0  253  145  0  0 100  0  0
 0  0      0 152924   8536 269728    0    0     0     0  253  146  1  0 99  0  0
 0  0      0 152924   8536 269728    0    0     0     0  253  139  0  0 100  0  0
 0  0      0 152924   8536 269728    0    0     0     0  254  148  0  0 100  0  0
 0  0      0 152924   8536 269728    0    0     0     0  252  138  1  0 99  0  0
 0  0      0 152924   8536 269728    0    0     0     0  255  147  1  0 99  0  0
 0  0      0 152924   8536 269728    0    0     0     0  252  141  1  0 99  0  0
 0  0      0 152924   8536 269728    0    0     0     0  256  147  1  0 99  0  0
 0  0      0 152924   8536 269728    0    0     0     0  252  142  2  0 98  0  0
 0  0      0 152924   8536 269728    0    0     0     0  259  146  2  0 98  0  0
 0  0      0 152924   8536 269728    0    0     0     0  253  142  1  0 99  0  0
procs -----------memory---------- ---swap-- -----io---- -system-- ------cpu-----
 r  b   swpd   free   buff  cache   si   so    bi    bo   in   cs us sy id wa st
 0  0      0 152924   8536 269728    0    0     0     0  251  145  0  1 99  0  0
 0  0      0 152924   8536 269728    0    0     0     0  252  146  2  0 98  0  0
 0  0      0 152924   8536 269728    0    0     0     0  254  147  1  0 99  0  0
 0  0      0 152924   8536 269728    0    0     0     0  252  134  2  1 97  0  0
 0  0      0 152924   8536 269728    0    0     0     0  254  145  0  0 100  0  0
 0  0      0 152924   8536 269728    0    0     0     0  252  138  2  0 98  0  0
 0  0      0 152924   8536 269728    0    0     0     0  254  146  0  0 100  0  0
 0  0      0 152924   8536 269732    0    0     0     0  254  140  1  1 98  0  0
 0  0      0 152924   8536 269732    0    0     0     0  257  146  2  0 98  0  0
 0  0      0 152924   8536 269732    0    0     0     0  248  143  0  1 99  0  0
 0  0      0 152924   8536 269732    0    0     0     0  256  146  0  0 100  0  0
 0  0      0 152924   8536 269732    0    0     0     0  252  140  2  0 98  0  0
 0  0      0 152924   8536 269732    0    0     0     0  255  154  1  0 99  0  0
 0  0      0 152924   8536 269732    0    0     0     0  254  146  2  0 98  0  0
 0  0      0 152924   8536 269732    0    0     0     0  255  146  1  0 99  0  0
 0  0      0 152924   8536 269732    0    0     0     0  251  140  1  0 99  0  0
 0  0      0 152924   8536 269732    0    0     0     0  256  150  2  0 98  0  0
 0  0      0 152924   8536 269732    0    0     0     0  253  139  2  0 98  0  0
 0  0      0 152924   8536 269732    0    0     0     0  256  145  2  1 97  0  0
 0  0      0 152924   8536 269732    0    0     0     0  252  142  0  0 100  0  0
 0  0      0 152924   8536 269732    0    0     0     0  256  144  0  1 99  0  0
procs -----------memory---------- ---swap-- -----io---- -system-- ------cpu-----
 r  b   swpd   free   buff  cache   si   so    bi    bo   in   cs us sy id wa st
 0  0      0 152924   8536 269732    0    0     0     0  252  140  1  0 99  0  0
 0  0      0 152924   8536 269732    0    0     0     0  255  148  0  0 100  0  0
 0  0      0 152924   8536 269732    0    0     0     0  253  142  1  0 99  0  0
 0  0      0 152924   8536 269732    0    0     0     0  256  144  0  1 99  0  0
 0  0      0 152924   8536 269732    0    0     0     0  253  143  1  0 99  0  0
 0  0      0 152924   8536 269732    0    0     0     0  255  145  1  0 99  0  0
 0  0      0 152924   8536 269732    0    0     0     0  254  144  2  1 97  0  0
 0  0      0 152924   8536 269732    0    0     0     0  254  146  2  0 98  0  0
 0  0      0 152924   8536 269732    0    0     0     0  252  141  0  0 100  0  0
 0  0      0 152924   8536 269732    0    0     0     0  254  146  2  1 97  0  0
 0  0      0 152924   8536 269732    0    0     0     0  255  138  2  0 98  0  0
 0  0      0 152924   8536 269732    0    0     0     0  258  152  1  0 99  0  0
 0  0      0 152924   8536 269732    0    0     0     0  253  138  2  0 98  0  0
 0  0      0 152924   8536 269732    0    0     0     0  254  145  0  1 99  0  0
 0  0      0 152924   8536 269732    0    0     0     0  254  138  1  0 99  0  0
 0  0      0 152924   8536 269732    0    0     0     0  254  147  1  0 99  0  0
 0  0      0 152924   8536 269732    0    0     0     0  252  143  1  0 99  0  0
 0  0      0 152924   8536 269732    0    0     0     0  254  145  2  0 98  0  0
 0  0      0 152924   8536 269732    0    0     0     0  252  143  1  0 99  0  0
 0  0      0 152924   8536 269732    0    0     0     0  254  146  1  0 99  0  0
 0  0      0 152924   8536 269732    0    0     0     0  255  142  1  0 99  0  0
procs -----------memory---------- ---swap-- -----io---- -system-- ------cpu-----
 r  b   swpd   free   buff  cache   si   so    bi    bo   in   cs us sy id wa st
 0  0      0 152924   8536 269732    0    0     0     0  255  147  2  0 98  0  0
 0  0      0 152924   8536 269732    0    0     0     0  254  138  1  0 99  0  0
 0  0      0 152924   8536 269732    0    0     0     0  255  144  2  0 98  0  0
 0  0      0 152924   8536 269732    0    0     0     0  253  139  2  0 98  0  0
 0  0      0 152924   8536 269732    0    0     0     0  254  150  2  0 98  0  0
 0  0      0 152924   8536 269732    0    0     0     0  253  141  1  1 98  0  0
 0  0      0 152924   8536 269732    0    0     0     0  256  144  1  1 98  0  0
 0  0      0 152924   8536 269732    0    0     0     0  253  139  0  0 100  0  0
 0  0      0 152924   8536 269732    0    0     0     0  254  145  1  0 99  0  0
 0  0      0 152924   8536 269732    0    0     0     0  253  138  1  0 99  0  0
 0  0      0 152924   8536 269732    0    0     0     0  256  147  1  1 98  0  0
 0  0      0 152924   8536 269736    0    0     0     0  255  141  1  1 98  0  0
 0  0      0 152924   8536 269736    0    0     0     0  250  150  1  1 98  0  0
 0  0      0 152924   8536 269736    0    0     0     0  253  137  1  0 99  0  0
 0  0      0 152924   8536 269736    0    0     0     0  258  148  1  0 99  0  0
 0  0      0 152924   8536 269736    0    0     0     0  254  139  2  0 98  0  0
 0  0      0 152924   8536 269736    0    0     0     0  254  148  1  0 99  0  0
 0  0      0 152924   8536 269736    0    0     0     0  252  137  1  1 98  0  0
 0  0      0 152924   8536 269736    0    0     0     0  255  142  2  0 98  0  0
 0  0      0 152924   8536 269736    0    0     0     0  254  140  2  0 98  0  0
 0  0      0 152924   8536 269736    0    0     0     0  254  147  1  0 99  0  0
procs -----------memory---------- ---swap-- -----io---- -system-- ------cpu-----
 r  b   swpd   free   buff  cache   si   so    bi    bo   in   cs us sy id wa st
 0  0      0 152924   8536 269736    0    0     0     0  252  137  1  0 99  0  0
 0  0      0 152924   8536 269736    0    0     0     0  254  148  0  0 100  0  0
 0  0      0 152924   8536 269736    0    0     0     0  252  133  1  0 99  0  0
 0  0      0 152924   8536 269736    0    0     0     0  254  148  0  0 100  0  0
 0  0      0 152924   8536 269736    0    0     0     0  253  139  1  0 99  0  0
 0  0      0 152924   8536 269736    0    0     0     0  254  147  1  1 98  0  0
 0  0      0 152924   8536 269736    0    0     0     0  247  143  2  1 97  0  0
 0  0      0 152924   8536 269736    0    0     0     0  255  148  0  0 100  0  0
 0  0      0 152924   8536 269736    0    0     0     0  253  139  2  0 98  0  0
 0  0      0 152924   8536 269736    0    0     0     0  255  155  0  0 100  0  0
 0  0      0 152924   8536 269736    0    0     0     0  252  141  1  0 99  0  0
 0  0      0 152924   8536 269736    0    0     0     0  254  145  0  0 100  0  0
 0  0      0 152924   8536 269736    0    0     0     0  255  133  1  0 99  0  0
 0  0      0 152924   8536 269736    0    0     0     0  255  150  0  0 100  0  0
 0  0      0 152924   8536 269736    0    0     0     0  254  141  1  0 99  0  0
 0  0      0 152924   8536 269736    0    0     0     0  257  145  1  1 98  0  0
 0  0      0 152924   8536 269736    0    0     0     0  252  138  0  0 100  0  0
 0  0      0 152924   8536 269736    0    0     0     0  255  145  2  1 97  0  0
 0  0      0 152924   8536 269736    0    0     0     0  252  140  1  0 99  0  0
 0  0      0 152924   8536 269736    0    0     0     0  254  149  1  0 99  0  0
 0  0      0 152924   8536 269736    0    0     0     0  253  137  2  0 98  0  0
procs -----------memory---------- ---swap-- -----io---- -system-- ------cpu-----
 r  b   swpd   free   buff  cache   si   so    bi    bo   in   cs us sy id wa st
 0  0      0 152924   8536 269736    0    0     0     0  254  145  1  0 99  0  0
 0  0      0 152924   8536 269736    0    0     0     0  253  141  1  0 99  0  0
 0  0      0 152924   8536 269736    0    0     0     0  255  149  2  1 97  0  0
 0  0      0 152924   8536 269736    0    0     0     0  255  139  1  0 99  0  0
 0  0      0 152924   8536 269736    0    0     0     0  258  144  1  1 98  0  0
 1  0      0 152924   8536 269736    0    0     0     0  253  144  3  0 97  0  0
 0  0      0 152924   8536 269736    0    0     0     0  256  144  1  0 99  0  0
 0  0      0 152924   8536 269736    0    0     0     0  253  201  2  0 98  0  0
 0  0      0 152924   8536 269736    0    0     0     0  254  143  0  1 99  0  0
 0  0      0 152924   8536 269736    0    0     0     0  255  145  2  0 98  0  0
 0  0      0 152924   8536 269736    0    0     0     0  254  142  1  0 99  0  0
 0  0      0 152924   8536 269736    0    0     0     0  256  146  2  0 98  0  0
 0  0      0 152924   8536 269736    0    0     0     0  254  141  0  0 100  0  0
 0  0      0 152924   8536 269736    0    0     0     0  255  146  2  0 98  0  0
 0  0      0 152924   8536 269736    0    0     0     0  257  142  1  1 98  0  0
 0  0      0 152924   8536 269736    0    0     0     0  254  145  2  0 98  0  0
 0  0      0 152924   8536 269740    0    0     0     0  253  138  1  0 99  0  0
 0  0      0 152924   8536 269740    0    0     0     0  251  148  1  0 99  0  0
 0  0      0 152924   8536 269740    0    0     0     0  253  139  0  0 100  0  0
 0  0      0 152924   8536 269740    0    0     0     0  255  146  0  0 100  0  0
 0  0      0 152924   8536 269740    0    0     0     0  254  139  1  0 99  0  0
procs -----------memory---------- ---swap-- -----io---- -system-- ------cpu-----
 r  b   swpd   free   buff  cache   si   so    bi    bo   in   cs us sy id wa st
 0  0      0 152924   8536 269740    0    0     0     0  255  148  0  0 100  0  0
 0  0      0 152924   8536 269740    0    0     0     0  252  141  1  0 99  0  0
 0  0      0 152924   8536 269740    0    0     0     0  254  144  0  0 100  0  0
 0  0      0 152924   8536 269740    0    0     0     0  248  140  2  0 98  0  0
 0  0      0 152924   8536 269740    0    0     0     0  254  147  0  0 100  0  0
 0  0      0 152924   8536 269740    0    0     0     0  253  140  1  0 99  0  0
 0  0      0 152924   8536 269740    0    0     0     0  254  142  1  0 99  0  0
 0  0      0 152924   8536 269740    0    0     0     0  248  142  0  1 99  0  0
 0  0      0 152924   8536 269740    0    0     0     0  254  145  2  0 98  0  0
 0  0      0 152924   8536 269740    0    0     0     0  253  140  1  0 99  0  0
 0  0      0 152924   8536 269740    0    0     0     0  255  146  2  0 98  0  0
 0  0      0 152924   8536 269740    0    0     0     0  253  141  1  1 98  0  0
 0  0      0 152924   8536 269740    0    0     0     0  254  146  1  1 98  0  0
 0  0      0 152924   8536 269740    0    0     0     0  252  143  1  0 99  0  0
 0  0      0 152924   8536 269740    0    0     0     0  256  145  2  1 97  0  0
 0  0      0 152924   8536 269740    0    0     0     0  253  140  2  0 98  0  0
 0  0      0 152924   8536 269740    0    0     0     0  254  148  2  0 98  0  0
 0  0      0 152924   8536 269740    0    0     0     0  253  151  0  0 100  0  0
 0  0      0 152924   8536 269740    0    0     0     0  254  143  1  0 99  0  0
 0  0      0 152924   8536 269740    0    0     0     0  252  142  2  0 98  0  0
 0  0      0 152924   8536 269740    0    0     0     0  535 1954  3  1 96  0  0
procs -----------memory---------- ---swap-- -----io---- -system-- ------cpu-----
 r  b   swpd   free   buff  cache   si   so    bi    bo   in   cs us sy id wa st
 0  0      0 152900   8536 269740    0    0     0     0  328 1255  3  1 96  0  0
 0  0      0 152924   8536 269740    0    0     0     0  261  157  2  1 97  0  0
 0  0      0 161660   8536 269740    0    0     0     0  283  680  3  0 97  0  0
 0  0      0 161672   8536 269740    0    0     0     0  612 1994  2  2 96  0  0
 0  0      0 161672   8536 269740    0    0     0     0  462 1397  0  1 99  0  0
 0  0      0 161672   8536 269740    0    0     0     0  257  143  2  0 98  0  0
 0  0      0 160556   8536 269740    0    0     0     0  301 1060  4  1 95  0  0
 0  0      0 160556   8536 269740    0    0     0     0  255  183  0  1 99  0  0
 0  0      0 160556   8536 269740    0    0     0     0  252  132  1  0 99  0  0
 0  0      0 160556   8536 269740    0    0     0     0  254  142  0  0 100  0  0
 0  0      0 160556   8536 269740    0    0     0     0  253  136  1  0 99  0  0
 0  0      0 160556   8536 269740    0    0     0     0  255  145  0  0 100  0  0
 0  0      0 160556   8536 269740    0    0     0     0  252  133  2  0 98  0  0
 0  0      0 160556   8536 269740    0    0     0     0  255  144  1  1 98  0  0
 0  0      0 160556   8536 269740    0    0     0     0  252  133  1  0 99  0  0
 0  0      0 160556   8536 269740    0    0     0     0  256  142  2  0 98  0  0
 0  0      0 160556   8536 269740    0    0     0     0  252  139  1  1 98  0  0
 0  0      0 160556   8536 269740    0    0     0     0  256  143  1  0 99  0  0
 0  0      0 160556   8536 269740    0    0     0     0  252  136  1  1 98  0  0
 0  0      0 160556   8536 269740    0    0     0     0  254  140  2  0 98  0  0
 0  0      0 160556   8536 269744    0    0     0     0  254  139  1  0 99  0  0
procs -----------memory---------- ---swap-- -----io---- -system-- ------cpu-----
 r  b   swpd   free   buff  cache   si   so    bi    bo   in   cs us sy id wa st
 0  0      0 160556   8536 269744    0    0     0     0  257  136  1  1 98  0  0
 0  0      0 160556   8536 269744    0    0     0     0  252  137  1  1 98  0  0
 0  0      0 160556   8536 269744    0    0     0     0  252  144  2  0 98  0  0
 0  0      0 160556   8536 269744    0    0     0     0  252  136  1  0 99  0  0
 0  0      0 160556   8536 269744    0    0     0     0  255  136  2  0 98  0  0
 0  0      0 160556   8536 269744    0    0     0     0  253  138  0  0 100  0  0
 1  0      0 160556   8536 269744    0    0     0     0  252  138  0  1 99  0  0
